Книга: Ананга манджари сампутика и аштака
Адрес: https://vedarama.com/ru/books/ggamsia
Страниц сайта: 193; заголовков: 194; текстов: 186; картинок: 0
Глав по MCP: 2
Букв в исходнике: 56206; в .md: 56206
Первый заголовок: Ананга манджари сампутика и аштака
Последний заголовок: 45

ЗАМЕЧАНИЙ НЕТ.

Оглавление выгрузки:
Ананга манджари сампутика и аштака
  Ананга-манджари-аштака
    1
    2
    3
    4
    5
    6
    7
    8
  Ананга-манджари-сампутика
  Волна первая. Шакти-таттва-вичара
    1
    2
    3
    4
    5
    6
    7
    8
    9
    10-11
    12
    13
    14
    15
    16
    17
    18
    19
    20
    21
    22
    23
    24
    25
    26
    27-28
    29
    30
    31
    32
    33
    34
    35-37
    38
    39
    40
    41
    42
    43
    44
    45
  Волна вторая. Раса-каутука
    1
    2
    3
    4
    5
    6
    7
    8
    9
    10
    11
    12
    13
    14
    15
    16
    17
    18
    19
    20
    21
    22
    23
    24
    25
    26
    27
    28
    29
    30
    31
    32
    33
    34
    35
    36
    37
    38
    39
    40
    41
    42
    43
    44
    45
    46
    47
    48
    49
    50
    51
    52
    53
    54
    55
    56
    57
    58
    59
    60
    61
  Волна третья. Йутха-виварана
    1
    2
    3
    4
    5
    6
    7
    8
    9
    10
    11
    12
    13
    14
    15
    16
    17
    18
    19
    20
    21
    22
    23
    24
    25
    26
    27
    28
    29
    30
    31
    32
    33
  Волна четвертая. Даинйа-бодхика-сампрартхана
    1
    2
    3
    4
    5
    6
    7-9
    10
    11
    12
    13
    14
    15
    16
    17
    18
    19
    20
    21
    22
    23
    24
    25
    26
    27
    28
    29
    30
    31
    32
    33
    34
    35
    36
    37
  Атха сампрартхана. Заключительные молитвы
    38
    39
    40
    41
    42
    43
    44
    45
