Книга: Рамаяна 5. Сундараканда
Адрес: https://vedarama.com/ru/books/rama5
Страниц сайта: 2928; заголовков: 2929; текстов: 0; картинок: 0
Глав по MCP: 69
Букв в исходнике: 562397; в .md: 562397
Первый заголовок: Рамаяна 5. Сундараканда
Последний заголовок: || 68.29 ||

ЗАМЕЧАНИЙ НЕТ.

Оглавление выгрузки:
Рамаяна 5. Сундараканда
  Книга пятая. Сундараканда (Книга о прекрасном)
  Глава 1
  || 1.1 ||
  || 1.2 ||
  || 1.3 ||
  || 1.4 ||
  || 1.5 ||
  || 1.6 ||
  || 1.7 ||
  || 1.8 ||
  || 1.9 ||
  || 1.10 ||
  || 1.11 ||
  || 1.12 ||
  || 1.13 ||
  || 1.14 ||
  || 1.15 ||
  || 1.16 ||
  || 1.17 ||
  || 1.18 ||
  || 1.19 ||
  || 1.20 ||
  || 1.21 ||
  || 1.22 ||
  || 1.23 ||
  || 1.24 ||
  || 1.25 ||
  || 1.26 ||
  || 1.27 ||
  || 1.28 ||
  || 1.29 ||
  || 1.30 ||
  || 1.31 ||
  || 1.32 ||
  || 1.33 ||
  || 1.34 ||
  || 1.35 ||
  || 1.36 ||
  || 1.37 ||
  || 1.38 ||
  || 1.39 ||
  || 1.40 ||
  || 1.41 ||
  || 1.42 ||
  || 1.43 ||
  || 1.44 ||
  || 1.45 ||
  || 1.46 ||
  || 1.47 ||
  || 1.48 ||
  || 1.49 ||
  || 1.50 ||
  || 1.51 ||
  || 1.52 ||
  || 1.53 ||
  || 1.54 ||
  || 1.55 ||
  || 1.56 ||
  || 1.57 ||
  || 1.58 ||
  || 1.59 ||
  || 1.60 ||
  || 1.61 ||
  || 1.62 ||
  || 1.63 ||
  || 1.64 ||
  || 1.65 ||
  || 1.66 ||
  || 1.67 ||
  || 1.68 ||
  || 1.69 ||
  || 1.70 ||
  || 1.71 ||
  || 1.72 ||
  || 1.73 ||
  || 1.74 ||
  || 1.75 ||
  || 1.76 ||
  || 1.77 ||
  || 1.78 ||
  || 1.79 ||
  || 1.80 ||
  || 1.81 ||
  || 1.82 ||
  || 1.83 ||
  || 1.84 ||
  || 1.85 ||
  || 1.86 ||
  || 1.87 ||
  || 1.88 ||
  || 1.89 ||
  || 1.90 ||
  || 1.91 ||
  || 1.92 ||
  || 1.93 ||
  || 1.94 ||
  || 1.95 ||
  || 1.96 ||
  || 1.97 ||
  || 1.98 ||
  || 1.99 ||
  || 1.100 ||
  || 1.101 ||
  || 1.102 ||
  || 1.103 ||
  || 1.104 ||
  || 1.105 ||
  || 1.106 ||
  || 1.107 ||
  || 1.108 ||
  || 1.109 ||
  || 1.110 ||
  || 1.111 ||
  || 1.112 ||
  || 1.113 ||
  || 1.114 ||
  || 1.115 ||
  || 1.116 ||
  || 1.117 ||
  || 1.118 ||
  || 1.119 ||
  || 1.120 ||
  || 1.121 ||
  || 1.122 ||
  || 1.123 ||
  || 1.124 ||
  || 1.125 ||
  || 1.126 ||
  || 1.127 ||
  || 1.128 ||
  || 1.129 ||
  || 1.130 ||
  || 1.131 ||
  || 1.132 ||
  || 1.133 ||
  || 1.134 ||
  || 1.135 ||
  || 1.136 ||
  || 1.137 ||
  || 1.138 ||
  || 1.139 ||
  || 1.140 ||
  || 1.141 ||
  || 1.142 ||
  || 1.143 ||
  || 1.144 ||
  || 1.145 ||
  || 1.146 ||
  || 1.147 ||
  || 1.148 ||
  || 1.149 ||
  || 1.150 ||
  || 1.151 ||
  || 1.152 ||
  || 1.153 ||
  || 1.154 ||
  || 1.155 ||
  || 1.156 ||
  || 1.157 ||
  || 1.158 ||
  || 1.159 ||
  || 1.160 ||
  || 1.161 ||
  || 1.162 ||
  || 1.163 ||
  || 1.164 ||
  || 1.165 ||
  || 1.166 ||
  || 1.167 ||
  || 1.168 ||
  || 1.169 ||
  || 1.170 ||
  || 1.171 ||
  || 1.172 ||
  || 1.173 ||
  || 1.174 ||
  || 1.175 ||
  || 1.176 ||
  || 1.177 ||
  || 1.178 ||
  || 1.179 ||
  || 1.180 ||
  || 1.181 ||
  || 1.182 ||
  || 1.183 ||
  || 1.184 ||
  || 1.185 ||
  || 1.186 ||
  || 1.187 ||
  || 1.188 ||
  || 1.189 ||
  || 1.190 ||
  || 1.191 ||
  || 1.192 ||
  || 1.193 ||
  || 1.194 ||
  || 1.195 ||
  || 1.196 ||
  || 1.197 ||
  || 1.198 ||
  || 1.199 ||
  || 1.200 ||
  || 1.201 ||
  || 1.202 ||
  || 1.203 ||
  || 1.204 ||
  || 1.205 ||
  || 1.206 ||
  || 1.207 ||
  || 1.208 ||
  || 1.209 ||
  || 1.210 ||
  || 1.211 ||
  || 1.212 ||
  || 1.213 ||
  Глава 2
  || 2.1 ||
  || 2.2 ||
  || 2.3 ||
  || 2.4 ||
  || 2.5 ||
  || 2.6 ||
  || 2.7 ||
  || 2.8 ||
  || 2.9 ||
  || 2.10 ||
  || 2.11 ||
  || 2.12 ||
  || 2.13 ||
  || 2.14 ||
  || 2.15 ||
  || 2.16 ||
  || 2.17 ||
  || 2.18 ||
  || 2.19 ||
  || 2.20 ||
  || 2.21 ||
  || 2.22 ||
  || 2.23 ||
  || 2.24 ||
  || 2.25 ||
  || 2.26 ||
  || 2.27 ||
  || 2.28 ||
  || 2.29 ||
  || 2.30 ||
  || 2.31 ||
  || 2.32 ||
  || 2.33 ||
  || 2.34 ||
  || 2.35 ||
  || 2.36 ||
  || 2.37 ||
  || 2.38 ||
  || 2.39 ||
  || 2.40 ||
  || 2.41 ||
  || 2.42 ||
  || 2.43 ||
  || 2.44 ||
  || 2.45 ||
  || 2.46 ||
  || 2.47 ||
  || 2.48 ||
  || 2.49 ||
  || 2.50 ||
  || 2.51 ||
  || 2.52 ||
  || 2.53 ||
  || 2.54 ||
  || 2.55 ||
  || 2.56 ||
  || 2.57 ||
  || 2.58 ||
  Глава 3
  || 3.1 ||
  || 3.2 ||
  || 3.3 ||
  || 3.4 ||
  || 3.5 ||
  || 3.6 ||
  || 3.7 ||
  || 3.8 ||
  || 3.9 ||
  || 3.10 ||
  || 3.11 ||
  || 3.12 ||
  || 3.13 ||
  || 3.14 ||
  || 3.15 ||
  || 3.16 ||
  || 3.17 ||
  || 3.18 ||
  || 3.19 ||
  || 3.20 ||
  || 3.21 ||
  || 3.22 ||
  || 3.23 ||
  || 3.24 ||
  || 3.25 ||
  || 3.26 ||
  || 3.27 ||
  || 3.28 ||
  || 3.29 ||
  || 3.30 ||
  || 3.31 ||
  || 3.32 ||
  || 3.33 ||
  || 3.34 ||
  || 3.35 ||
  || 3.36 ||
  || 3.37 ||
  || 3.38 ||
  || 3.39 ||
  || 3.40 ||
  || 3.41 ||
  || 3.42 ||
  || 3.43 ||
  || 3.44 ||
  || 3.45 ||
  || 3.46 ||
  || 3.47 ||
  || 3.48 ||
  || 3.49 ||
  || 3.50 ||
  || 3.51 ||
  Глава 4
  || 4.1 ||
  || 4.2 ||
  || 4.3 ||
  || 4.4 ||
  || 4.5 ||
  || 4.6 ||
  || 4.7 ||
  || 4.8 ||
  || 4.9 ||
  || 4.10 ||
  || 4.11 ||
  || 4.12 ||
  || 4.13 ||
  || 4.14 ||
  || 4.15 ||
  || 4.16 ||
  || 4.17 ||
  || 4.18 ||
  || 4.19 ||
  || 4.20 ||
  || 4.21 ||
  || 4.22 ||
  || 4.23 ||
  || 4.24 ||
  || 4.25 ||
  || 4.26 ||
  || 4.27 ||
  || 4.28 ||
  || 4.29 ||
  || 4.30 ||
  Глава 5
  || 5.1 ||
  || 5.2 ||
  || 5.3 ||
  || 5.4 ||
  || 5.5 ||
  || 5.6 ||
  || 5.7 ||
  || 5.8 ||
  || 5.9 ||
  || 5.10 ||
  || 5.11 ||
  || 5.12 ||
  || 5.13 ||
  || 5.14 ||
  || 5.15 ||
  || 5.16 ||
  || 5.17 ||
  || 5.18 ||
  || 5.19 ||
  || 5.20 ||
  || 5.21 ||
  || 5.22 ||
  || 5.23 ||
  || 5.24 ||
  || 5.25 ||
  || 5.26 ||
  || 5.27 ||
  Глава 6
  || 6.1 ||
  || 6.2 ||
  || 6.3 ||
  || 6.4 ||
  || 6.5 ||
  || 6.6 ||
  || 6.7 ||
  || 6.8 ||
  || 6.9 ||
  || 6.10 ||
  || 6.11 ||
  || 6.12 ||
  || 6.13 ||
  || 6.14 ||
  || 6.15 ||
  || 6.16 ||
  || 6.17 ||
  || 6.18 ||
  || 6.19 ||
  || 6.20 ||
  || 6.21 ||
  || 6.22 ||
  || 6.23 ||
  || 6.24 ||
  || 6.25 ||
  || 6.26 ||
  || 6.27 ||
  || 6.28 ||
  || 6.29 ||
  || 6.30 ||
  || 6.31 ||
  || 6.32 ||
  || 6.33 ||
  || 6.34 ||
  || 6.35 ||
  || 6.36 ||
  || 6.37 ||
  || 6.38 ||
  || 6.39 ||
  || 6.40 ||
  || 6.41 ||
  || 6.42 ||
  || 6.43 ||
  || 6.44 ||
  Глава 7
  || 7.1 ||
  || 7.2 ||
  || 7.3 ||
  || 7.4 ||
  || 7.5 ||
  || 7.6 ||
  || 7.7 ||
  || 7.8 ||
  || 7.9 ||
  || 7.10 ||
  || 7.11 ||
  || 7.12 ||
  || 7.13 ||
  || 7.14 ||
  || 7.15 ||
  || 7.16 ||
  || 7.17 ||
  Глава 8
  || 8.1 ||
  || 8.2 ||
  || 8.3 ||
  || 8.4 ||
  || 8.5 ||
  || 8.6 ||
  || 8.7 ||
  || 8.8 ||
  Глава 9
  || 9.1 ||
  || 9.2 ||
  || 9.3 ||
  || 9.4 ||
  || 9.5 ||
  || 9.6 ||
  || 9.7 ||
  || 9.8 ||
  || 9.9 ||
  || 9.10 ||
  || 9.11 ||
  || 9.12 ||
  || 9.13 ||
  || 9.14 ||
  || 9.15 ||
  || 9.16 ||
  || 9.17 ||
  || 9.18 ||
  || 9.19 ||
  || 9.20 ||
  || 9.21 ||
  || 9.22 ||
  || 9.23 ||
  || 9.24 ||
  || 9.25 ||
  || 9.26 ||
  || 9.27 ||
  || 9.28 ||
  || 9.29 ||
  || 9.30 ||
  || 9.31 ||
  || 9.32 ||
  || 9.33 ||
  || 9.34 ||
  || 9.35 ||
  || 9.36 ||
  || 9.37 ||
  || 9.38 ||
  || 9.39 ||
  || 9.40 ||
  || 9.41 ||
  || 9.42 ||
  || 9.43 ||
  || 9.44 ||
  || 9.45 ||
  || 9.46 ||
  || 9.47 ||
  || 9.48 ||
  || 9.49 ||
  || 9.50 ||
  || 9.51 ||
  || 9.52 ||
  || 9.53 ||
  || 9.54 ||
  || 9.55 ||
  || 9.56 ||
  || 9.57 ||
  || 9.58 ||
  || 9.59 ||
  || 9.60 ||
  || 9.61 ||
  || 9.62 ||
  || 9.63 ||
  || 9.65 ||
  || 9.66 ||
  || 9.67 ||
  || 9.68 ||
  || 9.69 ||
  || 9.70 ||
  || 9.71 ||
  || 9.72 ||
  || 9.73 ||
  Глава 10
  || 10.1 ||
  || 10.2 ||
  || 10.3 ||
  || 10.4 ||
  || 10.5 ||
  || 10.6 ||
  || 10.7 ||
  || 10.8 ||
  || 10.9 ||
  || 10.10 ||
  || 10.11 ||
  || 10.12 ||
  || 10.13 ||
  || 10.14 ||
  || 10.15 ||
  || 10.16 ||
  || 10.17 ||
  || 10.18 ||
  || 10.19 ||
  || 10.20 ||
  || 10.21 ||
  || 10.22 ||
  || 10.23 ||
  || 10.24 ||
  || 10.25 ||
  || 10.26 ||
  || 10.27 ||
  || 10.28 ||
  || 10.29 ||
  || 10.30 ||
  || 10.31 ||
  || 10.32 ||
  || 10.33 ||
  || 10.34 ||
  || 10.35 ||
  || 10.36 ||
  || 10.37 ||
  || 10.38 ||
  || 10.39 ||
  || 10.40 ||
  || 10.41 ||
  || 10.42 ||
  || 10.43 ||
  || 10.44 ||
  || 10.45 ||
  || 10.46 ||
  || 10.47 ||
  || 10.48 ||
  || 10.49 ||
  || 10.50 ||
  || 10.51 ||
  || 10.52 ||
  || 10.53 ||
  || 10.54 ||
  Глава 11
  || 11.1 ||
  || 11.2 ||
  || 11.3 ||
  || 11.4 ||
  || 11.5 ||
  || 11.6 ||
  || 11.7 ||
  || 11.8 ||
  || 11.9 ||
  || 11.10 ||
  || 11.11 ||
  || 11.12 ||
  || 11.13 ||
  || 11.14 ||
  || 11.15 ||
  || 11.16 ||
  || 11.17 ||
  || 11.18 ||
  || 11.19 ||
  || 11.20 ||
  || 11.21 ||
  || 11.22 ||
  || 11.23 ||
  || 11.24 ||
  || 11.25 ||
  || 11.27 ||
  || 11.28 ||
  || 11.29 ||
  || 11.30 ||
  || 11.31 ||
  || 11.32 ||
  || 11.33 ||
  || 11.34 ||
  || 11.35 ||
  || 11.36 ||
  || 11.37 ||
  || 11.38 ||
  || 11.39 ||
  || 11.40 ||
  || 11.41 ||
  || 11.42 ||
  || 11.43 ||
  || 11.44 ||
  || 11.45 ||
  || 11.46 ||
  || 11.47 ||
  || 11.48 ||
  Глава 12
  || 12.1 ||
  || 12.2 ||
  || 12.3 ||
  || 12.4 ||
  || 12.5 ||
  || 12.6 ||
  || 12.7 ||
  || 12.8 ||
  || 12.9 ||
  || 12.10 ||
  || 12.11 ||
  || 12.12 ||
  || 12.13 ||
  || 12.14 ||
  || 12.15 ||
  || 12.16 ||
  || 12.17 ||
  || 12.18 ||
  || 12.19 ||
  || 12.20 ||
  || 12.21 ||
  || 12.22 ||
  || 12.23 ||
  || 12.24 ||
  || 12.25 ||
  Глава 13
  || 13.1 ||
  || 13.2 ||
  || 13.3 ||
  || 13.4 ||
  || 13.5 ||
  || 13.6 ||
  || 13.7 ||
  || 13.8 ||
  || 13.9 ||
  || 13.10 ||
  || 13.11 ||
  || 13.12 ||
  || 13.13 ||
  || 13.14 ||
  || 13.15 ||
  || 13.16 ||
  || 13.17 ||
  || 13.18 ||
  || 13.19 ||
  || 13.20 ||
  || 13.21 ||
  || 13.22 ||
  || 13.23 ||
  || 13.24 ||
  || 13.25 ||
  || 13.26 ||
  || 13.27 ||
  || 13.28 ||
  || 13.29 ||
  || 13.30 ||
  || 13.31 ||
  || 13.32 ||
  || 13.33 ||
  || 13.34 ||
  || 13.35 ||
  || 13.36 ||
  || 13.37 ||
  || 13.38 ||
  || 13.39 ||
  || 13.40 ||
  || 13.41 ||
  || 13.42 ||
  || 13.43 ||
  || 13.44 ||
  || 13.45 ||
  || 13.46 ||
  || 13.47 ||
  || 13.48 ||
  || 13.49 ||
  || 13.50 ||
  || 13.51 ||
  || 13.52 ||
  || 13.53 ||
  || 13.54 ||
  || 13.55 ||
  || 13.56 ||
  || 13.57 ||
  || 13.58 ||
  || 13.59 ||
  || 13.60 ||
  || 13.61 ||
  || 13.62 ||
  || 13.63 ||
  || 13.64 ||
  || 13.65 ||
  || 13.66 ||
  || 13.67 ||
  || 13.68 ||
  || 13.69 ||
  Глава 14
  || 14.1 ||
  || 14.2 ||
  || 14.3 ||
  || 14.4 ||
  || 14.5 ||
  || 14.6 ||
  || 14.7 ||
  || 14.8 ||
  || 14.9 ||
  || 14.10 ||
  || 14.11 ||
  || 14.12 ||
  || 14.13 ||
  || 14.14 ||
  || 14.15 ||
  || 14.16 ||
  || 14.17 ||
  || 14.18 ||
  || 14.19 ||
  || 14.20 ||
  || 14.21 ||
  || 14.22 ||
  || 14.23 ||
  || 14.24 ||
  || 14.25 ||
  || 14.26 ||
  || 14.28 ||
  || 14.29 ||
  || 14.30 ||
  || 14.31 ||
  || 14.32 ||
  || 14.33 ||
  || 14.34 ||
  || 14.35 ||
  || 14.36 ||
  || 14.37 ||
  || 14.38 ||
  || 14.39 ||
  || 14.40 ||
  || 14.41 ||
  || 14.42 ||
  || 14.43 ||
  || 14.44 ||
  || 14.45 ||
  || 14.46 ||
  || 14.47 ||
  || 14.48 ||
  || 14.49 ||
  || 14.50 ||
  || 14.51 ||
  || 14.52 ||
  Глава 15
  || 15.1 ||
  || 15.2 ||
  || 15.3 ||
  || 15.4 ||
  || 15.5 ||
  || 15.6 ||
  || 15.7 ||
  || 15.8 ||
  || 15.9 ||
  || 15.10 ||
  || 15.11 ||
  || 15.12 ||
  || 15.13 ||
  || 15.14 ||
  || 15.15 ||
  || 15.16 ||
  || 15.17 ||
  || 15.18 ||
  || 15.19 ||
  || 15.20 ||
  || 15.21 ||
  || 15.22 ||
  || 15.23 ||
  || 15.24 ||
  || 15.25 ||
  || 15.26 ||
  || 15.27 ||
  || 15.28 ||
  || 15.29 ||
  || 15.30 ||
  || 15.31 ||
  || 15.32 ||
  || 15.33 ||
  || 15.34 ||
  || 15.35 ||
  || 15.36 ||
  || 15.37 ||
  || 15.38 ||
  || 15.39 ||
  || 15.40 ||
  || 15.41 ||
  || 15.42 ||
  || 15.43 ||
  || 15.44 ||
  || 15.45 ||
  || 15.46 ||
  || 15.47 ||
  || 15.48 ||
  || 15.49 ||
  || 15.50 ||
  || 15.51 ||
  || 15.52 ||
  || 15.53 ||
  || 15.54 ||
  Глава 16
  || 16.1 ||
  || 16.2 ||
  || 16.3 ||
  || 16.4 ||
  || 16.5 ||
  || 16.6 ||
  || 16.7 ||
  || 16.8 ||
  || 16.9 ||
  || 16.10 ||
  || 16.11 ||
  || 16.12 ||
  || 16.13 ||
  || 16.14 ||
  || 16.15 ||
  || 16.16 ||
  || 16.17 ||
  || 16.18 ||
  || 16.19 ||
  || 16.20 ||
  || 16.21 ||
  || 16.22 ||
  || 16.23 ||
  || 16.24 ||
  || 16.25 ||
  || 16.26 ||
  || 16.27 ||
  || 16.28 ||
  || 16.29 ||
  || 16.30 ||
  || 16.31 ||
  || 16.32 ||
  Глава 17
  || 17.1 ||
  || 17.2 ||
  || 17.3 ||
  || 17.4 ||
  || 17.5 ||
  || 17.6 ||
  || 17.7 ||
  || 17.8 ||
  || 17.9 ||
  || 17.10 ||
  || 17.11 ||
  || 17.12 ||
  || 17.13 ||
  || 17.14 ||
  || 17.15 ||
  || 17.16 ||
  || 17.17 ||
  || 17.18 ||
  || 17.19 ||
  || 17.20 ||
  || 17.21 ||
  || 17.22 ||
  || 17.23 ||
  || 17.24 ||
  || 17.25 ||
  || 17.26 ||
  || 17.27 ||
  || 17.28 ||
  || 17.29 ||
  || 17.30 ||
  || 17.31 ||
  || 17.32 ||
  Глава 18
  || 18.1 ||
  || 18.2 ||
  || 18.3 ||
  || 18.4 ||
  || 18.5 ||
  || 18.6 ||
  || 18.7 ||
  || 18.8 ||
  || 18.9 ||
  || 18.10 ||
  || 18.11 ||
  || 18.12 ||
  || 18.13 ||
  || 18.14 ||
  || 18.15 ||
  || 18.16 ||
  || 18.17 ||
  || 18.18 ||
  || 18.19 ||
  || 18.20 ||
  || 18.21 ||
  || 18.22 ||
  || 18.23 ||
  || 18.24 ||
  || 18.25 ||
  || 18.26 ||
  || 18.27 ||
  || 18.28 ||
  || 18.29 ||
  || 18.30 ||
  || 18.31 ||
  || 18.32 ||
  Глава 19
  || 19.1 ||
  || 19.2 ||
  || 19.3 ||
  || 19.4 ||
  || 19.5 ||
  || 19.6 ||
  || 19.7 ||
  || 19.8 ||
  || 19.9 ||
  || 19.10 ||
  || 19.11 ||
  || 19.12 ||
  || 19.13 ||
  || 19.14 ||
  || 19.15 ||
  || 19.16 ||
  || 19.17 ||
  || 19.18 ||
  || 19.19 ||
  || 19.20 ||
  || 19.21 ||
  || 19.22 ||
  Глава 20
  || 20.1 ||
  || 20.2 ||
  || 20.3 ||
  || 20.4 ||
  || 20.5 ||
  || 20.6 ||
  || 20.7 ||
  || 20.8 ||
  || 20.9 ||
  || 20.10 ||
  || 20.11 ||
  || 20.12 ||
  || 20.13 ||
  || 20.14 ||
  || 20.15 ||
  || 20.16 ||
  || 20.17 ||
  || 20.18 ||
  || 20.19 ||
  || 20.20 ||
  || 20.21 ||
  || 20.22 ||
  || 20.23 ||
  || 20.24 ||
  || 20.25 ||
  || 20.26 ||
  || 20.27 ||
  || 20.28 ||
  || 20.29 ||
  || 20.30 ||
  || 20.31 ||
  || 20.32 ||
  || 20.33 ||
  || 20.34 ||
  || 20.35 ||
  || 20.36 ||
  Глава 21
  || 21.1 ||
  || 21.2 ||
  || 21.3 ||
  || 21.4 ||
  || 21.5 ||
  || 21.6 ||
  || 21.7 ||
  || 21.8 ||
  || 21.9 ||
  || 21.10 ||
  || 21.11 ||
  || 21.12 ||
  || 21.13 ||
  || 21.14 ||
  || 21.15 ||
  || 21.16 ||
  || 21.17 ||
  || 21.18 ||
  || 21.19 ||
  || 21.20 ||
  || 21.21 ||
  || 21.22 ||
  || 21.23 ||
  || 21.24 ||
  || 21.25 ||
  || 21.26 ||
  || 21.27 ||
  || 21.28 ||
  || 21.29 ||
  || 21.30 ||
  || 21.31 ||
  || 21.32 ||
  || 21.33 ||
  || 21.34 ||
  Глава 22
  || 22.1 ||
  || 22.2 ||
  || 22.3 ||
  || 22.4 ||
  || 22.5 ||
  || 22.6 ||
  || 22.7 ||
  || 22.8 ||
  || 22.9 ||
  || 22.10 ||
  || 22.11 ||
  || 22.12 ||
  || 22.13 ||
  || 22.14 ||
  || 22.15 ||
  || 22.16 ||
  || 22.17 ||
  || 22.18 ||
  || 22.19 ||
  || 22.20 ||
  || 22.21 ||
  || 22.22 ||
  || 22.23 ||
  || 22.24 ||
  || 22.25 ||
  || 22.26 ||
  || 22.27 ||
  || 22.28 ||
  || 22.29 ||
  || 22.30 ||
  || 22.31 ||
  || 22.32 ||
  || 22.33 ||
  || 22.34 ||
  || 22.35 ||
  || 22.36 ||
  || 22.37 ||
  || 22.38 ||
  || 22.39 ||
  || 22.40 ||
  || 22.41 ||
  || 22.42 ||
  || 22.43 ||
  || 22.44 ||
  || 22.45 ||
  || 22.46 ||
  Глава 23
  || 23.1 ||
  || 23.2 ||
  || 23.3 ||
  || 23.4 ||
  || 23.5 ||
  || 23.6 ||
  || 23.7 ||
  || 23.8 ||
  || 23.9 ||
  || 23.10 ||
  || 23.11 ||
  || 23.12 ||
  || 23.13 ||
  || 23.14 ||
  || 23.15 ||
  || 23.16 ||
  || 23.17 ||
  || 23.18 ||
  || 23.19 ||
  Глава 24
  || 24.1 ||
  || 24.2 ||
  || 24.3 ||
  || 24.4 ||
  || 24.5 ||
  || 24.6 ||
  || 24.7 ||
  || 24.8 ||
  || 24.9 ||
  || 24.10 ||
  || 24.11 ||
  || 24.12 ||
  || 24.13 ||
  || 24.14 ||
  || 24.15 ||
  || 24.16 ||
  || 24.17 ||
  || 24.18 ||
  || 24.19 ||
  || 24.20 ||
  || 24.21 ||
  || 24.22 ||
  || 24.23 ||
  || 24.24 ||
  || 24.25 ||
  || 24.26 ||
  || 24.27 ||
  || 24.28 ||
  || 24.29 ||
  || 24.30 ||
  || 24.31 ||
  || 24.32 ||
  || 24.33 ||
  || 24.34 ||
  || 24.35 ||
  || 24.36 ||
  || 24.37 ||
  || 24.38 ||
  || 24.39 ||
  || 24.40 ||
  || 24.41 ||
  || 24.42 ||
  || 24.43 ||
  || 24.44 ||
  || 24.45 ||
  || 24.46 ||
  || 24.47 ||
  Глава 25
  || 25.1 ||
  || 25.2 ||
  || 25.3 ||
  || 25.4 ||
  || 25.5 ||
  || 25.6 ||
  || 25.7 ||
  || 25.8 ||
  || 25.9 ||
  || 25.10 ||
  || 25.11 ||
  || 25.12 ||
  || 25.13 ||
  || 25.14 ||
  || 25.15 ||
  || 25.16 ||
  || 25.17 ||
  || 25.18 ||
  || 25.19 ||
  || 25.20 ||
  Глава 26
  || 26.1 ||
  || 26.2 ||
  || 26.3 ||
  || 26.4 ||
  || 26.5 ||
  || 26.6 ||
  || 26.7 ||
  || 26.8 ||
  || 26.9 ||
  || 26.10 ||
  || 26.11 ||
  || 26.12 ||
  || 26.13 ||
  || 26.14 ||
  || 26.15 ||
  || 26.16 ||
  || 26.17 ||
  || 26.18 ||
  || 26.19 ||
  || 26.20 ||
  || 26.21 ||
  || 26.22 ||
  || 26.23 ||
  || 26.24 ||
  || 26.25 ||
  || 26.26 ||
  || 26.27 ||
  || 26.28 ||
  || 26.29 ||
  || 26.30 ||
  || 26.31 ||
  || 26.32 ||
  || 26.33 ||
  || 26.34 ||
  || 26.35 ||
  || 26.36 ||
  || 26.37 ||
  || 26.38 ||
  || 26.39 ||
  || 26.40 ||
  || 26.41 ||
  || 26.42 ||
  || 26.43 ||
  || 26.44 ||
  || 26.45 ||
  || 26.46 ||
  || 26.47 ||
  || 26.48 ||
  || 26.49 ||
  Глава 27
  || 27.1 ||
  || 27.2 ||
  || 27.3 ||
  || 27.4 ||
  || 27.5 ||
  || 27.6 ||
  || 27.7 ||
  || 27.8 ||
  || 27.9 ||
  || 27.10 ||
  || 27.11 ||
  || 27.12 ||
  || 27.13 ||
  || 27.14 ||
  || 27.15 ||
  || 27.16 ||
  || 27.17 ||
  || 27.18 ||
  || 27.19 ||
  || 27.20 ||
  || 27.21 ||
  || 27.22 ||
  || 27.23 ||
  || 27.24 ||
  || 27.25 ||
  || 27.26 ||
  || 27.27 ||
  || 27.28 ||
  || 27.29 ||
  || 27.30 ||
  || 27.31 ||
  || 27.32 ||
  || 27.33 ||
  || 27.34 ||
  || 27.35 ||
  || 27.36 ||
  || 27.37 ||
  || 27.38 ||
  || 27.39 ||
  || 27.40 ||
  || 27.41 ||
  || 27.42 ||
  || 27.43 ||
  || 27.44 ||
  || 27.45 ||
  || 27.46 ||
  || 27.47 ||
  || 27.48 ||
  || 27.49 ||
  || 27.50 ||
  || 27.51 ||
  || 27.52 ||
  || 27.53 ||
  || 27.54 ||
  Глава 28
  || 28.1 ||
  || 28.2 ||
  || 28.3 ||
  || 28.4 ||
  || 28.5 ||
  || 28.6 ||
  || 28.7 ||
  || 28.8 ||
  || 28.9 ||
  || 28.10 ||
  || 28.11 ||
  || 28.12 ||
  || 28.13 ||
  || 28.14 ||
  || 28.15 ||
  || 28.16 ||
  || 28.17 ||
  || 28.18 ||
  || 28.19 ||
  || 28.20 ||
  Глава 29
  || 29.1 ||
  || 29.2 ||
  || 29.3 ||
  || 29.4 ||
  || 29.5 ||
  || 29.6 ||
  || 29.7 ||
  || 29.8 ||
  Глава 30
  || 30.1 ||
  || 30.2 ||
  || 30.3 ||
  || 30.4 ||
  || 30.5 ||
  || 30.6 ||
  || 30.7 ||
  || 30.8 ||
  || 30.9 ||
  || 30.10 ||
  || 30.11 ||
  || 30.12 ||
  || 30.13 ||
  || 30.14 ||
  || 30.15 ||
  || 30.16 ||
  || 30.17 ||
  || 30.18 ||
  || 30.19 ||
  || 30.20 ||
  || 30.21 ||
  || 30.22 ||
  || 30.23 ||
  || 30.24 ||
  || 30.25 ||
  || 30.26 ||
  || 30.27 ||
  || 30.28 ||
  || 30.29 ||
  || 30.30 ||
  || 30.31 ||
  || 30.32 ||
  || 30.33 ||
  || 30.34 ||
  || 30.35 ||
  || 30.36 ||
  || 30.37 ||
  || 30.38 ||
  || 30.39 ||
  || 30.40 ||
  || 30.41 ||
  || 30.42 ||
  || 30.43 ||
  || 30.44 ||
  Глава 31
  || 31.1 ||
  || 31.2 ||
  || 31.3 ||
  || 31.4 ||
  || 31.5 ||
  || 31.6 ||
  || 31.7 ||
  || 31.8 ||
  || 31.9 ||
  || 31.10 ||
  || 31.11 ||
  || 31.12 ||
  || 31.13 ||
  || 31.14 ||
  || 31.15 ||
  || 31.16 ||
  || 31.17 ||
  || 31.18 ||
  || 31.19 ||
  Глава 32
  || 32.1 ||
  || 32.2 ||
  || 32.3 ||
  || 32.4 ||
  || 32.5 ||
  || 32.6 ||
  || 32.7 ||
  || 32.8 ||
  || 32.9 ||
  || 32.10 ||
  || 32.11 ||
  || 32.12 ||
  || 32.13 ||
  || 32.14 ||
  Глава 33
  || 33.1 ||
  || 33.2 ||
  || 33.3 ||
  || 33.4 ||
  || 33.5 ||
  || 33.6 ||
  || 33.7 ||
  || 33.8 ||
  || 33.9 ||
  || 33.10 ||
  || 33.11 ||
  || 33.12 ||
  || 33.13 ||
  || 33.14 ||
  || 33.15 ||
  || 33.16 ||
  || 33.17 ||
  || 33.18 ||
  || 33.19 ||
  || 33.20 ||
  || 33.21 ||
  || 33.22 ||
  || 33.23 ||
  || 33.24 ||
  || 33.25 ||
  || 33.26 ||
  || 33.27 ||
  || 33.28 ||
  || 33.29 ||
  || 33.30 ||
  || 33.31 ||
  Глава 34
  || 34.1 ||
  || 34.2 ||
  || 34.3 ||
  || 34.4 ||
  || 34.5 ||
  || 34.6 ||
  || 34.7 ||
  || 34.8 ||
  || 34.9 ||
  || 34.10 ||
  || 34.11 ||
  || 34.12 ||
  || 34.13 ||
  || 34.14 ||
  || 34.15 ||
  || 34.16 ||
  || 34.17 ||
  || 34.18 ||
  || 34.19 ||
  || 34.20 ||
  || 34.21 ||
  || 34.22 ||
  || 34.23 ||
  || 34.24 ||
  || 34.25 ||
  || 34.26 ||
  || 34.27 ||
  || 34.28 ||
  || 34.29 ||
  || 34.30 ||
  || 34.32 ||
  || 34.33 ||
  || 34.34 ||
  || 34.35 ||
  || 34.36 ||
  || 34.37 ||
  || 34.38 ||
  || 34.39 ||
  || 34.40 ||
  Глава 35
  || 35.1 ||
  || 35.2 ||
  || 35.3 ||
  || 35.4 ||
  || 35.5 ||
  || 35.6 ||
  || 35.7 ||
  || 35.8 ||
  || 35.9 ||
  || 35.10 ||
  || 35.11 ||
  || 35.12 ||
  || 35.13 ||
  || 35.14 ||
  || 35.15 ||
  || 35.16 ||
  || 35.17 ||
  || 35.18 ||
  || 35.19 ||
  || 35.20 ||
  || 35.21 ||
  || 35.22 ||
  || 35.23 ||
  || 35.24 ||
  || 35.25 ||
  || 35.26 ||
  || 35.27 ||
  || 35.28 ||
  || 35.29 ||
  || 35.30 ||
  || 35.31 ||
  || 35.32 ||
  || 35.33 ||
  || 35.34 ||
  || 35.35 ||
  || 35.36 ||
  || 35.37 ||
  || 35.38 ||
  || 35.39 ||
  || 35.40 ||
  || 35.41 ||
  || 35.42 ||
  || 35.43 ||
  || 35.44 ||
  || 35.45 ||
  || 35.46 ||
  || 35.47 ||
  || 35.48 ||
  || 35.49 ||
  || 35.50 ||
  || 35.51 ||
  || 35.52 ||
  || 35.53 ||
  || 35.54 ||
  || 35.55 ||
  || 35.56 ||
  || 35.57 ||
  || 35.58 ||
  || 35.59 ||
  || 35.60 ||
  || 35.61 ||
  || 35.62 ||
  || 35.63 ||
  || 35.64 ||
  || 35.65 ||
  || 35.66 ||
  || 35.67 ||
  || 35.68 ||
  || 35.69 ||
  || 35.70 ||
  || 35.71 ||
  || 35.72 ||
  || 35.73 ||
  || 35.74 ||
  || 35.75 ||
  || 35.76 ||
  || 35.77 ||
  || 35.78 ||
  || 35.79 ||
  || 35.80 ||
  || 35.81 ||
  || 35.82 ||
  || 35.83 ||
  || 35.84 ||
  || 35.85 ||
  || 35.86 ||
  || 35.87 ||
  || 35.88 ||
  || 35.89 ||
  || 35.90 ||
  Глава 36
  || 36.1 ||
  || 36.2 ||
  || 36.3 ||
  || 36.4 ||
  || 36.5 ||
  || 36.6 ||
  || 36.7 ||
  || 36.8 ||
  || 36.9 ||
  || 36.10 ||
  || 36.11 ||
  || 36.12 ||
  || 36.13 ||
  || 36.14 ||
  || 36.15 ||
  || 36.16 ||
  || 36.17 ||
  || 36.18 ||
  || 36.19 ||
  || 36.20 ||
  || 36.21 ||
  || 36.22 ||
  || 36.23 ||
  || 36.24 ||
  || 36.25 ||
  || 36.26 ||
  || 36.27 ||
  || 36.28 ||
  || 36.29 ||
  || 36.30 ||
  || 36.31 ||
  || 36.32 ||
  || 36.33 ||
  || 36.34 ||
  || 36.35 ||
  || 36.36 ||
  || 36.37 ||
  || 36.38 ||
  || 36.39 ||
  || 36.40 ||
  || 36.41 ||
  || 36.42 ||
  || 36.43 ||
  || 36.44 ||
  || 36.45 ||
  || 36.46 ||
  || 36.47 ||
  Глава 37
  || 37.1 ||
  || 37.2 ||
  || 37.3 ||
  || 37.4 ||
  || 37.5 ||
  || 37.6 ||
  || 37.7 ||
  || 37.8 ||
  || 37.9 ||
  || 37.10 ||
  || 37.11 ||
  || 37.12 ||
  || 37.13 ||
  || 37.14 ||
  || 37.15 ||
  || 37.16 ||
  || 37.17 ||
  || 37.18 ||
  || 37.19 ||
  || 37.20 ||
  || 37.21 ||
  || 37.22 ||
  || 37.23 ||
  || 37.24 ||
  || 37.25 ||
  || 37.26 ||
  || 37.27 ||
  || 37.28 ||
  || 37.29 ||
  || 37.30 ||
  || 37.31 ||
  || 37.32 ||
  || 37.33 ||
  || 37.34 ||
  || 37.35 ||
  || 37.36 ||
  || 37.37 ||
  || 37.38 ||
  || 37.39 ||
  || 37.40 ||
  || 37.41 ||
  || 37.42 ||
  || 37.43 ||
  || 37.44 ||
  || 37.45 ||
  || 37.46 ||
  || 37.47 ||
  || 37.48 ||
  || 37.49 ||
  || 37.50 ||
  || 37.51 ||
  || 37.52 ||
  || 37.53 ||
  || 37.54 ||
  || 37.55 ||
  || 37.56 ||
  || 37.57 ||
  || 37.58 ||
  || 37.59 ||
  || 37.60 ||
  || 37.61 ||
  || 37.62 ||
  || 37.63 ||
  || 37.64 ||
  || 37.65 ||
  || 37.66 ||
  || 37.67 ||
  || 37.68 ||
  Глава 38
  || 38.1 ||
  || 38.2 ||
  || 38.3 ||
  || 38.4 ||
  || 38.5 ||
  || 38.6 ||
  || 38.7 ||
  || 38.8 ||
  || 38.9 ||
  || 38.10 ||
  || 38.11 ||
  || 38.12 ||
  || 38.13 ||
  || 38.14 ||
  || 38.15 ||
  || 38.16 ||
  || 38.17 ||
  || 38.18 ||
  || 38.19 ||
  || 38.20 ||
  || 38.21 ||
  || 38.22 ||
  || 38.23 ||
  || 38.24 ||
  || 38.25 ||
  || 38.26 ||
  || 38.27 ||
  || 38.28 ||
  || 38.29 ||
  || 38.30 ||
  || 38.31 ||
  || 38.32 ||
  || 38.33 ||
  || 38.34 ||
  || 38.35 ||
  || 38.36 ||
  || 38.37 ||
  || 38.38 ||
  || 38.39 ||
  || 38.40 ||
  || 38.41 ||
  || 38.42 ||
  || 38.43 ||
  || 38.44 ||
  || 38.45 ||
  || 38.46 ||
  || 38.47 ||
  || 38.48 ||
  || 38.49 ||
  || 38.50 ||
  || 38.51 ||
  || 38.52 ||
  || 38.53 ||
  || 38.54 ||
  || 38.55 ||
  || 38.56 ||
  || 38.57 ||
  || 38.58 ||
  || 38.59 ||
  || 38.60 ||
  || 38.61 ||
  || 38.62 ||
  || 38.63 ||
  || 38.64 ||
  || 38.65 ||
  || 38.66 ||
  || 38.67 ||
  || 38.68 ||
  || 38.69 ||
  || 38.70 ||
  Глава 39
  || 39.1 ||
  || 39.2 ||
  || 39.3 ||
  || 39.4 ||
  || 39.5 ||
  || 39.6 ||
  || 39.7 ||
  || 39.8 ||
  || 39.9 ||
  || 39.10 ||
  || 39.11 ||
  || 39.12 ||
  || 39.13 ||
  || 39.14 ||
  || 39.15 ||
  || 39.16 ||
  || 39.17 ||
  || 39.18 ||
  || 39.19 ||
  || 39.20 ||
  || 39.21 ||
  || 39.22 ||
  || 39.23 ||
  || 39.24 ||
  || 39.25 ||
  || 39.26 ||
  || 39.27 ||
  || 39.28 ||
  || 39.29 ||
  || 39.30 ||
  || 39.31 ||
  || 39.32 ||
  || 39.33 ||
  || 39.34 ||
  || 39.35 ||
  || 39.36 ||
  || 39.37 ||
  || 39.38 ||
  || 39.39 ||
  || 39.40 ||
  || 39.41 ||
  || 39.42 ||
  || 39.43 ||
  || 39.44 ||
  || 39.45 ||
  || 39.46 ||
  || 39.47 ||
  || 39.48 ||
  || 39.49 ||
  || 39.50 ||
  || 39.51 ||
  || 39.52 ||
  || 39.53 ||
  || 39.54 ||
  Глава 40
  || 40.1 ||
  || 40.2 ||
  || 40.3 ||
  || 40.4 ||
  || 40.5 ||
  || 40.6 ||
  || 40.7 ||
  || 40.8 ||
  || 40.9 ||
  || 40.10 ||
  || 40.11 ||
  || 40.12 ||
  || 40.13 ||
  || 40.14 ||
  || 40.15 ||
  || 40.16 ||
  || 40.17 ||
  || 40.18 ||
  || 40.19 ||
  || 40.20 ||
  || 40.21 ||
  || 40.22 ||
  || 40.23 ||
  || 40.24 ||
  || 40.25 ||
  Глава 41
  || 41.1 ||
  || 41.2 ||
  || 41.3 ||
  || 41.4 ||
  || 41.5 ||
  || 41.6 ||
  || 41.7 ||
  || 41.8 ||
  || 41.9 ||
  || 41.10 ||
  || 41.11 ||
  || 41.12 ||
  || 41.13 ||
  || 41.14 ||
  || 41.15 ||
  || 41.16 ||
  || 41.17 ||
  || 41.18 ||
  || 41.19 ||
  || 41.20 ||
  || 41.21 ||
  Глава 42
  || 42.1 ||
  || 42.2 ||
  || 42.3 ||
  || 42.4 ||
  || 42.5 ||
  || 42.6 ||
  || 42.7 ||
  || 42.8 ||
  || 42.9 ||
  || 42.10 ||
  || 42.11 ||
  || 42.12 ||
  || 42.13 ||
  || 42.14 ||
  || 42.15 ||
  || 42.16 ||
  || 42.17 ||
  || 42.18 ||
  || 42.19 ||
  || 42.20 ||
  || 42.21 ||
  || 42.22 ||
  || 42.23 ||
  || 42.24 ||
  || 42.25 ||
  || 42.26 ||
  || 42.27 ||
  || 42.28 ||
  || 42.29 ||
  || 42.30 ||
  || 42.31 ||
  || 42.32 ||
  || 42.33 ||
  || 42.34 ||
  || 42.35 ||
  || 42.36 ||
  || 42.37 ||
  || 42.38 ||
  || 42.39 ||
  || 42.40 ||
  || 42.41 ||
  || 42.42 ||
  || 42.43 ||
  || 42.44 ||
  Глава 43
  || 43.1 ||
  || 43.2 ||
  || 43.3 ||
  || 43.4 ||
  || 43.5 ||
  || 43.6 ||
  || 43.7 ||
  || 43.8 ||
  || 43.9 ||
  || 43.10 ||
  || 43.11 ||
  || 43.12 ||
  || 43.13 ||
  || 43.14 ||
  || 43.15 ||
  || 43.16 ||
  || 43.17 ||
  || 43.18 ||
  || 43.19 ||
  || 43.20 ||
  || 43.21 ||
  || 43.22 ||
  || 43.23 ||
  || 43.24 ||
  || 43.25 ||
  Глава 44
  || 44.1 ||
  || 44.2 ||
  || 44.3 ||
  || 44.4 ||
  || 44.5 ||
  || 44.6 ||
  || 44.7 ||
  || 44.8 ||
  || 44.9 ||
  || 44.10 ||
  || 44.11 ||
  || 44.12 ||
  || 44.13 ||
  || 44.14 ||
  || 44.15 ||
  || 44.16 ||
  || 44.17 ||
  || 44.18 ||
  || 44.19 ||
  || 44.20 ||
  Глава 45
  || 45.1 ||
  || 45.2 ||
  || 45.3 ||
  || 45.4 ||
  || 45.5 ||
  || 45.6 ||
  || 45.7 ||
  || 45.8 ||
  || 45.9 ||
  || 45.10 ||
  || 45.11 ||
  || 45.12 ||
  || 45.13 ||
  || 45.14 ||
  || 45.15 ||
  || 45.16 ||
  || 45.17 ||
  Глава 46
  || 46.1 ||
  || 46.2 ||
  || 46.3 ||
  || 46.4 ||
  || 46.5 ||
  || 46.6 ||
  || 46.7 ||
  || 46.8 ||
  || 46.9 ||
  || 46.10 ||
  || 46.11 ||
  || 46.12 ||
  || 46.13 ||
  || 46.14 ||
  || 46.15 ||
  || 46.16 ||
  || 46.17 ||
  || 46.18 ||
  || 46.19 ||
  || 46.20 ||
  || 46.21 ||
  || 46.22 ||
  || 46.23 ||
  || 46.24 ||
  || 46.25 ||
  || 46.26 ||
  || 46.27 ||
  || 46.28 ||
  || 46.29 ||
  || 46.30 ||
  || 46.31 ||
  || 46.32 ||
  || 46.33 ||
  || 46.34 ||
  || 46.35 ||
  || 46.36 ||
  || 46.37 ||
  || 46.38 ||
  || 46.39 ||
  || 46.40 ||
  || 46.41 ||
  Глава 47
  || 47.1 ||
  || 47.2 ||
  || 47.3 ||
  || 47.4 ||
  || 47.5 ||
  || 47.6 ||
  || 47.7 ||
  || 47.8 ||
  || 47.9 ||
  || 47.10 ||
  || 47.11 ||
  || 47.12 ||
  || 47.13 ||
  || 47.14 ||
  || 47.15 ||
  || 47.16 ||
  || 47.17 ||
  || 47.18 ||
  || 47.19 ||
  || 47.20 ||
  || 47.21 ||
  || 47.22 ||
  || 47.23 ||
  || 47.24 ||
  || 47.25 ||
  || 47.26 ||
  || 47.27 ||
  || 47.28 ||
  || 47.29 ||
  || 47.30 ||
  || 47.31 ||
  || 47.32 ||
  || 47.33 ||
  || 47.34 ||
  || 47.35 ||
  || 47.36 ||
  || 47.37 ||
  || 47.38 ||
  Глава 48
  || 48.1 ||
  || 48.2 ||
  || 48.3 ||
  || 48.4 ||
  || 48.5 ||
  || 48.6 ||
  || 48.7 ||
  || 48.8 ||
  || 48.9 ||
  || 48.10 ||
  || 48.11 ||
  || 48.12 ||
  || 48.13 ||
  || 48.14 ||
  || 48.15 ||
  || 48.16 ||
  || 48.17 ||
  || 48.18 ||
  || 48.19 ||
  || 48.20 ||
  || 48.21 ||
  || 48.22 ||
  || 48.23 ||
  || 48.24 ||
  || 48.25 ||
  || 48.26 ||
  || 48.27 ||
  || 48.28 ||
  || 48.29 ||
  || 48.30 ||
  || 48.31 ||
  || 48.32 ||
  || 48.33 ||
  || 48.34 ||
  || 48.35 ||
  || 48.36 ||
  || 48.37 ||
  || 48.38 ||
  || 48.39 ||
  || 48.40 ||
  || 48.41 ||
  || 48.42 ||
  || 48.43 ||
  || 48.44 ||
  || 48.45 ||
  || 48.46 ||
  || 48.47 ||
  || 48.48 ||
  || 48.49 ||
  || 48.50 ||
  || 48.51 ||
  || 48.52 ||
  || 48.53 ||
  || 48.54 ||
  || 48.55 ||
  || 48.56 ||
  || 48.57 ||
  || 48.58 ||
  || 48.59 ||
  || 48.60 ||
  || 48.61 ||
  Глава 49
  || 49.1 ||
  || 49.2 ||
  || 49.3 ||
  || 49.4 ||
  || 49.5 ||
  || 49.6 ||
  || 49.7 ||
  || 49.8 ||
  || 49.9 ||
  || 49.10 ||
  || 49.11 ||
  || 49.12 ||
  || 49.13 ||
  || 49.14 ||
  || 49.15 ||
  || 49.16 ||
  || 49.17 ||
  || 49.18 ||
  || 49.19 ||
  || 49.20 ||
  Глава 50
  || 50.1 ||
  || 50.2 ||
  || 50.3 ||
  || 50.4 ||
  || 50.5 ||
  || 50.6 ||
  || 50.7 ||
  || 50.8 ||
  || 50.9 ||
  || 50.10 ||
  || 50.11 ||
  || 50.12 ||
  || 50.13 ||
  || 50.14 ||
  || 50.15 ||
  || 50.16 ||
  || 50.17 ||
  || 50.18 ||
  || 50.19 ||
  Глава 51
  || 51.1 ||
  || 51.2 ||
  || 51.3 ||
  || 51.4 ||
  || 51.5 ||
  || 51.6 ||
  || 51.7 ||
  || 51.8 ||
  || 51.9 ||
  || 51.10 ||
  || 51.11 ||
  || 51.12 ||
  || 51.13 ||
  || 51.14 ||
  || 51.15 ||
  || 51.16 ||
  || 51.17 ||
  || 51.18 ||
  || 51.19 ||
  || 51.20 ||
  || 51.21 ||
  || 51.22 ||
  || 51.23 ||
  || 51.24 ||
  || 51.25 ||
  || 51.26 ||
  || 51.27 ||
  || 51.28 ||
  || 51.29 ||
  || 51.30 ||
  || 51.31 ||
  || 51.32 ||
  || 51.33 ||
  || 51.34 ||
  || 51.35 ||
  || 51.36 ||
  || 51.37 ||
  || 51.38 ||
  || 51.39 ||
  || 51.40 ||
  || 51.41 ||
  || 51.42 ||
  || 51.43 ||
  || 51.44 ||
  || 51.45 ||
  Глава 52
  || 52.1 ||
  || 52.2 ||
  || 52.3 ||
  || 52.4 ||
  || 52.5 ||
  || 52.6 ||
  || 52.7 ||
  || 52.8 ||
  || 52.9 ||
  || 52.10 ||
  || 52.11 ||
  || 52.12 ||
  || 52.13 ||
  || 52.14 ||
  || 52.15 ||
  || 52.16 ||
  || 52.17 ||
  || 52.18 ||
  || 52.19 ||
  || 52.20 ||
  || 52.21 ||
  || 52.22 ||
  || 52.23 ||
  || 52.24 ||
  || 52.25 ||
  || 52.26 ||
  || 52.27 ||
  || 52.28 ||
  Глава 53
  || 53.1 ||
  || 53.2 ||
  || 53.3 ||
  || 53.4 ||
  || 53.5 ||
  || 53.6 ||
  || 53.7 ||
  || 53.8 ||
  || 53.9 ||
  || 53.10 ||
  || 53.11 ||
  || 53.12 ||
  || 53.13 ||
  || 53.14 ||
  || 53.15 ||
  || 53.16 ||
  || 53.17 ||
  || 53.18 ||
  || 53.19 ||
  || 53.20 ||
  || 53.21 ||
  || 53.22 ||
  || 53.23 ||
  || 53.24 ||
  || 53.25 ||
  || 53.26 ||
  || 53.27 ||
  || 53.28 ||
  || 53.29 ||
  || 53.30 ||
  || 53.31 ||
  || 53.32 ||
  || 53.33 ||
  || 53.34 ||
  || 53.35 ||
  || 53.36 ||
  || 53.37 ||
  || 53.38 ||
  || 53.39 ||
  || 53.40 ||
  || 53.41 ||
  || 53.42 ||
  || 53.43 ||
  || 53.44 ||
  Глава 54
  || 54.1 ||
  || 54.2 ||
  || 54.3 ||
  || 54.4 ||
  || 54.5 ||
  || 54.6 ||
  || 54.7 ||
  || 54.8 ||
  || 54.9 ||
  || 54.10 ||
  || 54.11 ||
  || 54.12 ||
  || 54.13 ||
  || 54.14 ||
  || 54.15 ||
  || 54.16 ||
  || 54.17 ||
  || 54.18 ||
  || 54.19 ||
  || 54.20 ||
  || 54.21 ||
  || 54.22 ||
  || 54.23 ||
  || 54.24 ||
  || 54.25 ||
  || 54.26 ||
  || 54.27 ||
  || 54.28 ||
  || 54.29 ||
  || 54.30 ||
  || 54.31 ||
  || 54.32 ||
  || 54.33 ||
  || 54.34 ||
  || 54.35 ||
  || 54.36 ||
  || 54.37 ||
  || 54.38 ||
  || 54.39 ||
  || 54.40 ||
  || 54.41 ||
  || 54.42 ||
  || 54.43 ||
  || 54.44 ||
  || 54.45 ||
  || 54.46 ||
  || 54.47 ||
  || 54.48 ||
  || 54.49 ||
  || 54.50 ||
  || 54.51 ||
  Глава 55
  || 55.1 ||
  || 55.2 ||
  || 55.3 ||
  || 55.4 ||
  || 55.5 ||
  || 55.6 ||
  || 55.7 ||
  || 55.8 ||
  || 55.9 ||
  || 55.10 ||
  || 55.11 ||
  || 55.12 ||
  || 55.13 ||
  || 55.14 ||
  || 55.15 ||
  || 55.16 ||
  || 55.17 ||
  || 55.18 ||
  || 55.19 ||
  || 55.20 ||
  || 55.21 ||
  || 55.22 ||
  || 55.23 ||
  || 55.24 ||
  || 55.25 ||
  || 55.26 ||
  || 55.27 ||
  || 55.28 ||
  || 55.29 ||
  || 55.30 ||
  || 55.31 ||
  || 55.32 ||
  || 55.33 ||
  || 55.34 ||
  || 55.35 ||
  Глава 56
  || 56.1 ||
  || 56.2 ||
  || 56.3 ||
  || 56.4 ||
  || 56.5 ||
  || 56.6 ||
  || 56.7 ||
  || 56.8 ||
  || 56.9 ||
  || 56.10 ||
  || 56.11 ||
  || 56.12 ||
  || 56.13 ||
  || 56.14 ||
  || 56.15 ||
  || 56.16 ||
  || 56.17 ||
  || 56.18 ||
  || 56.19 ||
  || 56.20 ||
  || 56.21 ||
  || 56.22 ||
  || 56.23 ||
  || 56.24 ||
  || 56.25 ||
  || 56.26 ||
  || 56.27 ||
  || 56.28 ||
  || 56.29 ||
  || 56.30 ||
  || 56.31 ||
  || 56.32 ||
  || 56.33 ||
  || 56.34 ||
  || 56.35 ||
  || 56.36 ||
  || 56.37 ||
  || 56.38 ||
  || 56.39 ||
  || 56.40 ||
  || 56.41 ||
  || 56.42 ||
  || 56.43 ||
  || 56.44 ||
  || 56.45 ||
  || 56.46 ||
  || 56.47 ||
  || 56.48 ||
  || 56.49 ||
  || 56.50 ||
  || 56.51 ||
  Глава 57
  || 57.4 ||
  || 57.5 ||
  || 57.6 ||
  || 57.7 ||
  || 57.8 ||
  || 57.9 ||
  || 57.10 ||
  || 57.11 ||
  || 57.12 ||
  || 57.13 ||
  || 57.14 ||
  || 57.15 ||
  || 57.16 ||
  || 57.17 ||
  || 57.18 ||
  || 57.19 ||
  || 57.20 ||
  || 57.21 ||
  || 57.22 ||
  || 57.23 ||
  || 57.24 ||
  || 57.25 ||
  || 57.26 ||
  || 57.27 ||
  || 57.28 ||
  || 57.29 ||
  || 57.30 ||
  || 57.31 ||
  || 57.32 ||
  || 57.33 ||
  || 57.34 ||
  || 57.35 ||
  || 57.36 ||
  || 57.37 ||
  || 57.38 ||
  || 57.39 ||
  || 57.40 ||
  || 57.41 ||
  || 57.42 ||
  || 57.43 ||
  || 57.44 ||
  || 57.45 ||
  || 57.46 ||
  || 57.47 ||
  || 57.48 ||
  || 57.49 ||
  || 57.50 ||
  || 57.51 ||
  || 57.52 ||
  || 57.53 ||
  Глава 58
  || 58.1 ||
  || 58.2 ||
  || 58.3 ||
  || 58.4 ||
  || 58.5 ||
  || 58.6 ||
  || 58.7 ||
  || 58.8 ||
  || 58.9 ||
  || 58.10 ||
  || 58.11 ||
  || 58.12 ||
  || 58.13 ||
  || 58.14 ||
  || 58.15 ||
  || 58.16 ||
  || 58.17 ||
  || 58.18 ||
  || 58.19 ||
  || 58.20 ||
  || 58.21 ||
  || 58.22 ||
  || 58.23 ||
  || 58.24 ||
  || 58.25 ||
  || 58.26 ||
  || 58.27 ||
  || 58.28 ||
  || 58.29 ||
  || 58.30 ||
  || 58.31 ||
  || 58.32 ||
  || 58.33 ||
  || 58.34 ||
  || 58.35 ||
  || 58.36 ||
  || 58.37 ||
  || 58.38 ||
  || 58.39 ||
  || 58.40 ||
  || 58.41 ||
  || 58.42 ||
  || 58.43 ||
  || 58.44 ||
  || 58.45 ||
  || 58.46 ||
  || 58.47 ||
  || 58.48 ||
  || 58.49 ||
  || 58.50 ||
  || 58.51 ||
  || 58.52 ||
  || 58.53 ||
  || 58.54 ||
  || 58.55 ||
  || 58.56 ||
  || 58.57 ||
  || 58.58 ||
  || 58.59 ||
  || 58.60 ||
  || 58.61 ||
  || 58.62 ||
  || 58.63 ||
  || 58.64 ||
  || 58.65 ||
  || 58.66 ||
  || 58.67 ||
  || 58.68 ||
  || 58.69 ||
  || 58.70 ||
  || 58.71 ||
  || 58.72 ||
  || 58.73 ||
  || 58.74 ||
  || 58.75 ||
  || 58.76 ||
  || 58.77 ||
  || 58.78 ||
  || 58.79 ||
  || 58.80 ||
  || 58.81 ||
  || 58.82 ||
  || 58.83 ||
  || 58.84 ||
  || 58.85 ||
  || 58.86 ||
  || 58.87 ||
  || 58.88 ||
  || 58.89 ||
  || 58.90 ||
  || 58.91 ||
  || 58.92 ||
  || 58.93 ||
  || 58.94 ||
  || 58.95 ||
  || 58.96 ||
  || 58.97 ||
  || 58.98 ||
  || 58.99 ||
  || 58.100 ||
  || 58.101 ||
  || 58.102 ||
  || 58.103 ||
  || 58.104 ||
  || 58.105 ||
  || 58.106 ||
  || 58.107 ||
  || 58.108 ||
  || 58.109 ||
  || 58.110 ||
  || 58.111 ||
  || 58.112 ||
  || 58.113 ||
  || 58.114 ||
  || 58.115 ||
  || 58.116 ||
  || 58.117 ||
  || 58.118 ||
  || 58.119 ||
  || 58.120 ||
  || 58.121 ||
  || 58.122 ||
  || 58.123 ||
  || 58.124 ||
  || 58.125 ||
  || 58.126 ||
  || 58.127 ||
  || 58.128 ||
  || 58.129 ||
  || 58.130 ||
  || 58.131 ||
  || 58.132 ||
  || 58.133 ||
  || 58.134 ||
  || 58.135 ||
  || 58.136 ||
  || 58.137 ||
  || 58.138 ||
  || 58.139 ||
  || 58.140 ||
  || 58.141 ||
  || 58.142 ||
  || 58.143 ||
  || 58.144 ||
  || 58.145 ||
  || 58.146 ||
  || 58.147 ||
  || 58.148 ||
  || 58.149 ||
  || 58.150 ||
  || 58.151 ||
  || 58.152 ||
  || 58.153 ||
  || 58.154 ||
  || 58.155 ||
  || 58.156 ||
  || 58.157 ||
  || 58.158 ||
  || 58.159 ||
  || 58.160 ||
  || 58.161 ||
  || 58.162 ||
  || 58.163 ||
  || 58.164 ||
  || 58.165 ||
  || 58.166 ||
  || 58.167 ||
  || 58.168 ||
  || 58.169 ||
  Глава 59
  || 59.1 ||
  || 59.2 ||
  || 59.3 ||
  || 59.4 ||
  || 59.5 ||
  || 59.6 ||
  || 59.7 ||
  || 59.8 ||
  || 59.9 ||
  || 59.10 ||
  || 59.11 ||
  || 59.12 ||
  || 59.13 ||
  || 59.14 ||
  || 59.15 ||
  || 59.16 ||
  || 59.17 ||
  || 59.18 ||
  || 59.19 ||
  || 59.20 ||
  || 59.21 ||
  || 59.22 ||
  || 59.23 ||
  || 59.24 ||
  || 59.25 ||
  || 59.26 ||
  || 59.27 ||
  || 59.28 ||
  || 59.29 ||
  || 59.30 ||
  || 59.31 ||
  || 59.32 ||
  Глава 60
  || 60.1 ||
  || 60.2 ||
  || 60.3 ||
  || 60.4 ||
  || 60.5 ||
  || 60.6 ||
  || 60.7 ||
  || 60.8 ||
  || 60.9 ||
  || 60.10 ||
  || 60.11 ||
  || 60.12 ||
  || 60.13 ||
  || 60.14 ||
  || 60.15 ||
  || 60.16 ||
  || 60.17 ||
  || 60.18 ||
  || 60.19 ||
  || 60.20 ||
  Глава 61
  || 61.1 ||
  || 61.2 ||
  || 61.3 ||
  || 61.4 ||
  || 61.5 ||
  || 61.6 ||
  || 61.7 ||
  || 61.8 ||
  || 61.9 ||
  || 61.10 ||
  || 61.11 ||
  || 61.12 ||
  || 61.13 ||
  || 61.14 ||
  || 61.15 ||
  || 61.16 ||
  || 61.17 ||
  || 61.18 ||
  || 61.19 ||
  || 61.20 ||
  || 61.21 ||
  || 61.22 ||
  || 61.23 ||
  || 61.24 ||
  Глава 62
  || 62.1 ||
  || 62.2 ||
  || 62.3 ||
  || 62.4 ||
  || 62.5 ||
  || 62.6 ||
  || 62.7 ||
  || 62.8 ||
  || 62.9 ||
  || 62.10 ||
  || 62.11 ||
  || 62.12 ||
  || 62.13 ||
  || 62.14 ||
  || 62.15 ||
  || 62.16 ||
  || 62.17 ||
  || 62.18 ||
  || 62.19 ||
  || 62.20 ||
  || 62.21 ||
  || 62.22 ||
  || 62.23 ||
  || 62.24 ||
  || 62.25 ||
  || 62.26 ||
  || 62.27 ||
  || 62.28 ||
  || 62.29 ||
  || 62.30 ||
  || 62.31 ||
  || 62.32 ||
  || 62.33 ||
  || 62.34 ||
  || 62.35 ||
  || 62.36 ||
  || 62.37 ||
  || 62.38 ||
  Глава 63
  || 63.1 ||
  || 63.2 ||
  || 63.3 ||
  || 63.4 ||
  || 63.5 ||
  || 63.6 ||
  || 63.7 ||
  || 63.8 ||
  || 63.9 ||
  || 63.10 ||
  || 63.11 ||
  || 63.12 ||
  || 63.13 ||
  || 63.14 ||
  || 63.15 ||
  || 63.16 ||
  || 63.17 ||
  || 63.18 ||
  || 63.19 ||
  || 63.20 ||
  || 63.21 ||
  || 63.22 ||
  || 63.23 ||
  || 63.24 ||
  || 63.25 ||
  || 63.26 ||
  || 63.27 ||
  || 63.28 ||
  || 63.29 ||
  || 63.30 ||
  || 63.31 ||
  || 63.32 ||
  || 63.33 ||
  Глава 64
  || 64.1 ||
  || 64.2 ||
  || 64.3 ||
  || 64.4 ||
  || 64.5 ||
  || 64.6 ||
  || 64.7 ||
  || 64.8 ||
  || 64.9 ||
  || 64.10 ||
  || 64.11 ||
  || 64.12 ||
  || 64.13 ||
  || 64.14 ||
  || 64.15 ||
  || 64.16 ||
  || 64.17 ||
  || 64.18 ||
  || 64.19 ||
  || 64.20 ||
  || 64.21 ||
  || 64.22 ||
  || 64.23 ||
  || 64.24 ||
  || 64.25 ||
  || 64.26 ||
  || 64.27 ||
  || 64.28 ||
  || 64.29 ||
  || 64.30 ||
  || 64.31 ||
  || 64.32 ||
  || 64.33 ||
  || 64.34 ||
  || 64.35 ||
  || 64.36 ||
  || 64.37 ||
  || 64.38 ||
  || 64.39 ||
  || 64.40 ||
  || 64.41 ||
  || 64.42 ||
  || 64.43 ||
  || 64.44 ||
  || 64.45 ||
  Глава 65
  || 65.1 ||
  || 65.2 ||
  || 65.3 ||
  || 65.4 ||
  || 65.5 ||
  || 65.6 ||
  || 65.7 ||
  || 65.8 ||
  || 65.9 ||
  || 65.10 ||
  || 65.11 ||
  || 65.12 ||
  || 65.13 ||
  || 65.14 ||
  || 65.15 ||
  || 65.16 ||
  || 65.17 ||
  || 65.18 ||
  || 65.19 ||
  || 65.20 ||
  || 65.21 ||
  || 65.22 ||
  || 65.23 ||
  || 65.24 ||
  || 65.25 ||
  || 65.26 ||
  || 65.27 ||
  || 65.28 ||
  Глава 66
  || 66.1 ||
  || 66.2 ||
  || 66.3 ||
  || 66.4 ||
  || 66.5 ||
  || 66.6 ||
  || 66.7 ||
  || 66.8 ||
  || 66.9 ||
  || 66.10 ||
  || 66.11 ||
  || 66.12 ||
  || 66.13 ||
  || 66.14 ||
  || 66.15 ||
  Глава 67
  || 67.1 ||
  || 67.2 ||
  || 67.3 ||
  || 67.4 ||
  || 67.5 ||
  || 67.6 ||
  || 67.7 ||
  || 67.8 ||
  || 67.9 ||
  || 67.10 ||
  || 67.11 ||
  || 67.12 ||
  || 67.13 ||
  || 67.14 ||
  || 67.15 ||
  || 67.16 ||
  || 67.17 ||
  || 67.18 ||
  || 67.19 ||
  || 67.20 ||
  || 67.21 ||
  || 67.22 ||
  || 67.23 ||
  || 67.24 ||
  || 67.25 ||
  || 67.26 ||
  || 67.27 ||
  || 67.28 ||
  || 67.29 ||
  || 67.30 ||
  || 67.31 ||
  || 67.32 ||
  || 67.33 ||
  || 67.34 ||
  || 67.35 ||
  || 67.36 ||
  || 67.37 ||
  || 67.38 ||
  || 67.39 ||
  || 67.40 ||
  || 67.41 ||
  || 67.42 ||
  || 67.43 ||
  || 67.44 ||
  Глава 68
  || 68.1 ||
  || 68.2 ||
  || 68.3 ||
  || 68.4 ||
  || 68.5 ||
  || 68.6 ||
  || 68.7 ||
  || 68.8 ||
  || 68.9 ||
  || 68.10 ||
  || 68.11 ||
  || 68.12 ||
  || 68.13 ||
  || 68.14 ||
  || 68.15 ||
  || 68.16 ||
  || 68.17 ||
  || 68.18 ||
  || 68.19 ||
  || 68.20 ||
  || 68.21 ||
  || 68.22 ||
  || 68.23 ||
  || 68.24 ||
  || 68.25 ||
  || 68.26 ||
  || 68.27 ||
  || 68.28 ||
  || 68.29 ||
