Книга: Ригведа. Мандала 8
Адрес: https://vedarama.com/ru/books/rvm8
Страниц сайта: 1820; заголовков: 1821; текстов: 0; картинок: 0
Глав по MCP: 104
Букв в исходнике: 493575; в .md: 493575
Первый заголовок: Ригведа. Мандала 8
Последний заголовок: || 103.14 ||

ЗАМЕЧАНИЙ НЕТ.

Оглавление выгрузки:
Ригведа. Мандала 8
  МАНДАЛА VIII
  VIII, 1. &lt;к индре&gt;
  || 1.1 ||
  || 1.2 ||
  || 1.3 ||
  || 1.4 ||
  || 1.5 ||
  || 1.6 ||
  || 1.7 ||
  || 1.8 ||
  || 1.9 ||
  || 1.10 ||
  || 1.11 ||
  || 1.12 ||
  || 1.13 ||
  || 1.14 ||
  || 1.15 ||
  || 1.16 ||
  || 1.17 ||
  || 1.18 ||
  || 1.19 ||
  || 1.20 ||
  || 1.21 ||
  || 1.22 ||
  || 1.23 ||
  || 1.24 ||
  || 1.25 ||
  || 1.26 ||
  || 1.27 ||
  || 1.28 ||
  || 1.29 ||
  || 1.30 ||
  || 1.31 ||
  || 1.32 ||
  || 1.33 ||
  || 1.34 ||
  VIII, 2. &lt;к индре&gt;
  || 2.1 ||
  || 2.2 ||
  || 2.3 ||
  || 2.4 ||
  || 2.5 ||
  || 2.6 ||
  || 2.7 ||
  || 2.8 ||
  || 2.9 ||
  || 2.10 ||
  || 2.11 ||
  || 2.12 ||
  || 2.13 ||
  || 2.14 ||
  || 2.15 ||
  || 2.16 ||
  || 2.17 ||
  || 2.18 ||
  || 2.19 ||
  || 2.20 ||
  || 2.21 ||
  || 2.22 ||
  || 2.23 ||
  || 2.24 ||
  || 2.25 ||
  || 2.26 ||
  || 2.27 ||
  || 2.28 ||
  || 2.29 ||
  || 2.30 ||
  || 2.31 ||
  || 2.32 ||
  || 2.33 ||
  || 2.34 ||
  || 2.35 ||
  || 2.36 ||
  || 2.37 ||
  || 2.38 ||
  || 2.39 ||
  || 2.40 ||
  || 2.41 ||
  || 2.42 ||
  VIII, 3. &lt;к индре&gt;
  || 3.1 ||
  || 3.2 ||
  || 3.3 ||
  || 3.4 ||
  || 3.5 ||
  || 3.6 ||
  || 3.7 ||
  || 3.8 ||
  || 3.9 ||
  || 3.10 ||
  || 3.11 ||
  || 3.12 ||
  || 3.13 ||
  || 3.14 ||
  || 3.15 ||
  || 3.16 ||
  || 3.17 ||
  || 3.18 ||
  || 3.19 ||
  || 3.20 ||
  || 3.21 ||
  || 3.22 ||
  || 3.23 ||
  || 3.24 ||
  VIII, 4. &lt;к индре&gt;
  || 4.1 ||
  || 4.2 ||
  || 4.3 ||
  || 4.4 ||
  || 4.5 ||
  || 4.6 ||
  || 4.7 ||
  || 4.8 ||
  || 4.9 ||
  || 4.10 ||
  || 4.11 ||
  || 4.12 ||
  || 4.13 ||
  || 4.14 ||
  || 4.15 ||
  || 4.16 ||
  || 4.17 ||
  || 4.18 ||
  || 4.19 ||
  || 4.20 ||
  || 4.21 ||
  VIII, 5. &lt;к ашвинам&gt;
  || 5.1 ||
  || 5.2 ||
  || 5.3 ||
  || 5.4 ||
  || 5.5 ||
  || 5.6 ||
  || 5.7 ||
  || 5.8 ||
  || 5.9 ||
  || 5.10 ||
  || 5.11 ||
  || 5.12 ||
  || 5.13 ||
  || 5.14 ||
  || 5.15 ||
  || 5.16 ||
  || 5.17 ||
  || 5.18 ||
  || 5.19 ||
  || 5.20 ||
  || 5.21 ||
  || 5.22 ||
  || 5.23 ||
  || 5.24 ||
  || 5.25 ||
  || 5.26 ||
  || 5.27 ||
  || 5.28 ||
  || 5.29 ||
  || 5.30 ||
  || 5.31 ||
  || 5.32 ||
  || 5.33 ||
  || 5.34 ||
  || 5.35 ||
  || 5.36 ||
  || 5.37 ||
  || 5.38 ||
  || 5.39 ||
  VIII, 6. &lt;к индре&gt;
  || 6.1 ||
  || 6.2 ||
  || 6.3 ||
  || 6.4 ||
  || 6.5 ||
  || 6.6 ||
  || 6.7 ||
  || 6.8 ||
  || 6.9 ||
  || 6.10 ||
  || 6.11 ||
  || 6.12 ||
  || 6.13 ||
  || 6.14 ||
  || 6.15 ||
  || 6.16 ||
  || 6.17 ||
  || 6.18 ||
  || 6.19 ||
  || 6.20 ||
  || 6.21 ||
  || 6.22 ||
  || 6.23 ||
  || 6.24 ||
  || 6.25 ||
  || 6.26 ||
  || 6.27 ||
  || 6.28 ||
  || 6.29 ||
  || 6.30 ||
  || 6.31 ||
  || 6.32 ||
  || 6.33 ||
  || 6.34 ||
  || 6.35 ||
  || 6.36 ||
  || 6.37 ||
  || 6.38 ||
  || 6.39 ||
  || 6.40 ||
  || 6.41 ||
  || 6.42 ||
  || 6.43 ||
  || 6.44 ||
  || 6.45 ||
  || 6.46 ||
  || 6.47 ||
  || 6.48 ||
  VIII, 7. &lt;к марутам&gt;
  || 7.1 ||
  || 7.2 ||
  || 7.3 ||
  || 7.4 ||
  || 7.5 ||
  || 7.6 ||
  || 7.7 ||
  || 7.8 ||
  || 7.9 ||
  || 7.10 ||
  || 7.11 ||
  || 7.12 ||
  || 7.13 ||
  || 7.14 ||
  || 7.15 ||
  || 7.16 ||
  || 7.17 ||
  || 7.18 ||
  || 7.19 ||
  || 7.20 ||
  || 7.21 ||
  || 7.22 ||
  || 7.23 ||
  || 7.24 ||
  || 7.25 ||
  || 7.26 ||
  || 7.27 ||
  || 7.28 ||
  || 7.29 ||
  || 7.30 ||
  || 7.31 ||
  || 7.32 ||
  || 7.33 ||
  || 7.34 ||
  || 7.35 ||
  || 7.36 ||
  VIII, 8. &lt;к ашвинам&gt;
  || 8.1 ||
  || 8.2 ||
  || 8.3 ||
  || 8.4 ||
  || 8.5 ||
  || 8.6 ||
  || 8.7 ||
  || 8.8 ||
  || 8.9 ||
  || 8.10 ||
  || 8.11 ||
  || 8.12 ||
  || 8.13 ||
  || 8.14 ||
  || 8.15 ||
  || 8.16 ||
  || 8.17 ||
  || 8.18 ||
  || 8.19 ||
  || 8.20 ||
  || 8.21 ||
  || 8.22 ||
  || 8.23 ||
  VIII, 9. &lt;к ашвинам&gt;
  || 9.1 ||
  || 9.2 ||
  || 9.3 ||
  || 9.4 ||
  || 9.5 ||
  || 9.6 ||
  || 9.7 ||
  || 9.8 ||
  || 9.9 ||
  || 9.10 ||
  || 9.11 ||
  || 9.12 ||
  || 9.13 ||
  || 9.14 ||
  || 9.15 ||
  || 9.16 ||
  || 9.17 ||
  || 9.18 ||
  || 9.19 ||
  || 9.20 ||
  || 9.21 ||
  VIII, 10. &lt;к ашвинам&gt;
  || 10.1 ||
  || 10.2 ||
  || 10.3 ||
  || 10.4 ||
  || 10.5 ||
  || 10.6 ||
  VIII, 11. &lt;к агни&gt;
  || 11.1 ||
  || 11.2 ||
  || 11.3 ||
  || 11.4 ||
  || 11.5 ||
  || 11.6 ||
  || 11.7 ||
  || 11.8 ||
  || 11.9 ||
  || 11.10 ||
  VIII, 12. &lt;к индре&gt;
  || 12.1 ||
  || 12.2 ||
  || 12.3 ||
  || 12.4 ||
  || 12.5 ||
  || 12.6 ||
  || 12.7 ||
  || 12.8 ||
  || 12.9 ||
  || 12.10 ||
  || 12.11 ||
  || 12.12 ||
  || 12.13 ||
  || 12.14 ||
  || 12.15 ||
  || 12.16 ||
  || 12.17 ||
  || 12.18 ||
  || 12.19 ||
  || 12.20 ||
  || 12.21 ||
  || 12.22 ||
  || 12.23 ||
  || 12.24 ||
  || 12.25 ||
  || 12.26 ||
  || 12.27 ||
  || 12.28 ||
  || 12.29 ||
  || 12.30 ||
  || 12.31 ||
  || 12.32 ||
  || 12.33 ||
  VIII, 13. &lt;к индре&gt;
  || 13.1 ||
  || 13.2 ||
  || 13.3 ||
  || 13.4 ||
  || 13.5 ||
  || 13.6 ||
  || 13.7 ||
  || 13.8 ||
  || 13.9 ||
  || 13.10 ||
  || 13.11 ||
  || 13.12 ||
  || 13.13 ||
  || 13.14 ||
  || 13.15 ||
  || 13.16 ||
  || 13.17 ||
  || 13.18 ||
  || 13.19 ||
  || 13.20 ||
  || 13.21 ||
  || 13.22 ||
  || 13.23 ||
  || 13.24 ||
  || 13.25 ||
  || 13.26 ||
  || 13.27 ||
  || 13.28 ||
  || 13.29 ||
  || 13.30 ||
  || 13.31 ||
  || 13.32 ||
  || 13.33 ||
  VIII, 14. &lt;к индре&gt;
  || 14.1 ||
  || 14.2 ||
  || 14.3 ||
  || 14.4 ||
  || 14.5 ||
  || 14.6 ||
  || 14.7 ||
  || 14.8 ||
  || 14.9 ||
  || 14.10 ||
  || 14.11 ||
  || 14.12 ||
  || 14.13 ||
  || 14.14 ||
  || 14.15 ||
  VIII, 15. &lt;к индре&gt;
  || 15.1 ||
  || 15.2 ||
  || 15.3 ||
  || 15.4 ||
  || 15.5 ||
  || 15.6 ||
  || 15.7 ||
  || 15.8 ||
  || 15.9 ||
  || 15.10 ||
  || 15.11 ||
  || 15.12 ||
  || 15.13 ||
  VIII, 16. &lt;к индре&gt;
  || 16.1 ||
  || 16.2 ||
  || 16.3 ||
  || 16.4 ||
  || 16.5 ||
  || 16.6 ||
  || 16.7 ||
  || 16.8 ||
  || 16.9 ||
  || 16.10 ||
  || 16.11 ||
  || 16.12 ||
  VIII, 17. &lt;к индре&gt;
  || 17.1 ||
  || 17.2 ||
  || 17.3 ||
  || 17.4 ||
  || 17.5 ||
  || 17.6 ||
  || 17.7 ||
  || 17.8 ||
  || 17.9 ||
  || 17.10 ||
  || 17.11 ||
  || 17.12 ||
  || 17.13 ||
  || 17.14 ||
  || 17.15 ||
  VIII, 18. &lt;к адитьям&gt;
  || 18.1 ||
  || 18.2 ||
  || 18.3 ||
  || 18.4 ||
  || 18.5 ||
  || 18.6 ||
  || 18.7 ||
  || 18.8 ||
  || 18.9 ||
  || 18.10 ||
  || 18.11 ||
  || 18.12 ||
  || 18.13 ||
  || 18.14 ||
  || 18.15 ||
  || 18.16 ||
  || 18.17 ||
  || 18.18 ||
  || 18.19 ||
  || 18.20 ||
  || 18.21 ||
  || 18.22 ||
  VIII, 19. &lt;к агни&gt;
  || 19.1 ||
  || 19.2 ||
  || 19.3 ||
  || 19.4 ||
  || 19.5 ||
  || 19.6 ||
  || 19.7 ||
  || 19.8 ||
  || 19.9 ||
  || 19.10 ||
  || 19.11 ||
  || 19.12 ||
  || 19.13 ||
  || 19.14 ||
  || 19.15 ||
  || 19.16 ||
  || 19.17 ||
  || 19.18 ||
  || 19.19 ||
  || 19.20 ||
  || 19.21 ||
  || 19.22 ||
  || 19.23 ||
  || 19.24 ||
  || 19.25 ||
  || 19.26 ||
  || 19.27 ||
  || 19.28 ||
  || 19.29 ||
  || 19.30 ||
  || 19.31 ||
  || 19.32 ||
  || 19.33 ||
  || 19.34 ||
  || 19.35 ||
  || 19.36 ||
  || 19.37 ||
  VIII, 20. &lt;к марутам&gt;
  || 20.1 ||
  || 20.2 ||
  || 20.3 ||
  || 20.4 ||
  || 20.5 ||
  || 20.6 ||
  || 20.7 ||
  || 20.8 ||
  || 20.9 ||
  || 20.10 ||
  || 20.11 ||
  || 20.12 ||
  || 20.13 ||
  || 20.14 ||
  || 20.15 ||
  || 20.16 ||
  || 20.17 ||
  || 20.18 ||
  || 20.19 ||
  || 20.20 ||
  || 20.21 ||
  || 20.22 ||
  || 20.23 ||
  || 20.24 ||
  || 20.25 ||
  || 20.26 ||
  VIII, 21. &lt;к индре&gt;
  || 21.1 ||
  || 21.2 ||
  || 21.3 ||
  || 21.4 ||
  || 21.5 ||
  || 21.6 ||
  || 21.7 ||
  || 21.8 ||
  || 21.9 ||
  || 21.10 ||
  || 21.11 ||
  || 21.12 ||
  || 21.13 ||
  || 21.14 ||
  || 21.15 ||
  || 21.16 ||
  || 21.17 ||
  || 21.18 ||
  VIII, 22. &lt;к ашвинам&gt;
  || 22.1 ||
  || 22.2 ||
  || 22.3 ||
  || 22.4 ||
  || 22.5 ||
  || 22.6 ||
  || 22.7 ||
  || 22.8 ||
  || 22.9 ||
  || 22.10 ||
  || 22.11 ||
  || 22.12 ||
  || 22.13 ||
  || 22.14 ||
  || 22.15 ||
  || 22.16 ||
  || 22.17 ||
  || 22.18 ||
  VIII, 23. &lt;к агни&gt;
  || 23.1 ||
  || 23.2 ||
  || 23.3 ||
  || 23.4 ||
  || 23.5 ||
  || 23.6 ||
  || 23.7 ||
  || 23.8 ||
  || 23.9 ||
  || 23.10 ||
  || 23.11 ||
  || 23.12 ||
  || 23.13 ||
  || 23.14 ||
  || 23.15 ||
  || 23.16 ||
  || 23.17 ||
  || 23.18 ||
  || 23.19 ||
  || 23.20 ||
  || 23.21 ||
  || 23.22 ||
  || 23.23 ||
  || 23.24 ||
  || 23.25 ||
  || 23.26 ||
  || 23.27 ||
  || 23.28 ||
  || 23.29 ||
  || 23.30 ||
  VIII, 24. &lt;к индре&gt;
  || 24.1 ||
  || 24.2 ||
  || 24.3 ||
  || 24.4 ||
  || 24.5 ||
  || 24.6 ||
  || 24.7 ||
  || 24.8 ||
  || 24.9 ||
  || 24.10 ||
  || 24.11 ||
  || 24.12 ||
  || 24.13 ||
  || 24.14 ||
  || 24.15 ||
  || 24.16 ||
  || 24.17 ||
  || 24.18 ||
  || 24.19 ||
  || 24.20 ||
  || 24.21 ||
  || 24.22 ||
  || 24.23 ||
  || 24.24 ||
  || 24.25 ||
  || 24.26 ||
  || 24.27 ||
  || 24.28 ||
  || 24.29 ||
  || 24.30 ||
  VIII, 25. &lt;к митре, варуне и другим богам&gt;
  || 25.1 ||
  || 25.2 ||
  || 25.3 ||
  || 25.4 ||
  || 25.5 ||
  || 25.6 ||
  || 25.7 ||
  || 25.8 ||
  || 25.9 ||
  || 25.10 ||
  || 25.11 ||
  || 25.12 ||
  || 25.13 ||
  || 25.14 ||
  || 25.15 ||
  || 25.16 ||
  || 25.17 ||
  || 25.18 ||
  || 25.19 ||
  || 25.20 ||
  || 25.21 ||
  || 25.22 ||
  || 25.23 ||
  || 25.24 ||
  VIII, 26. &lt;к ашвинам и ваю&gt;
  || 26.1 ||
  || 26.2 ||
  || 26.3 ||
  || 26.4 ||
  || 26.5 ||
  || 26.6 ||
  || 26.7 ||
  || 26.8 ||
  || 26.9 ||
  || 26.10 ||
  || 26.11 ||
  || 26.12 ||
  || 26.13 ||
  || 26.14 ||
  || 26.15 ||
  || 26.16 ||
  || 26.17 ||
  || 26.18 ||
  || 26.19 ||
  || 26.20 ||
  || 26.21 ||
  || 26.22 ||
  || 26.23 ||
  || 26.24 ||
  || 26.25 ||
  VIII, 27. &lt;ко всем-богам&gt;&lt;/ко&gt;
  || 27.1 ||
  || 27.2 ||
  || 27.3 ||
  || 27.4 ||
  || 27.5 ||
  || 27.6 ||
  || 27.7 ||
  || 27.8 ||
  || 27.9 ||
  || 27.10 ||
  || 27.11 ||
  || 27.12 ||
  || 27.13 ||
  || 27.14 ||
  || 27.15 ||
  || 27.16 ||
  || 27.17 ||
  || 27.18 ||
  || 27.19 ||
  || 27.20 ||
  || 27.21 ||
  || 27.22 ||
  VIII, 28. &lt;ко всем-богам&gt;&lt;/ко&gt;
  || 28.1 ||
  || 28.2 ||
  || 28.3 ||
  || 28.4 ||
  || 28.5 ||
  VIII, 29. &lt;ко всем-богам&gt;&lt;/ко&gt;
  || 29.1 ||
  || 29.2 ||
  || 29.3 ||
  || 29.4 ||
  || 29.5 ||
  || 29.6 ||
  || 29.7 ||
  || 29.8 ||
  || 29.9 ||
  || 29.10 ||
  VIII, 30. &lt;ко всем-богам&gt;&lt;/ко&gt;
  || 30.1 ||
  || 30.2 ||
  || 30.3 ||
  || 30.4 ||
  VIII, 31. &lt;восхваление жертвователя и его супруги&gt;&lt;/восхваление&gt;
  || 31.1 ||
  || 31.2 ||
  || 31.3 ||
  || 31.4 ||
  || 31.5 ||
  || 31.6 ||
  || 31.7 ||
  || 31.8 ||
  || 31.9 ||
  || 31.10 ||
  || 31.11 ||
  || 31.12 ||
  || 31.13 ||
  || 31.14 ||
  || 31.15 ||
  || 31.16 ||
  || 31.17 ||
  || 31.18 ||
  VIII, 32. &lt;к индре&gt;
  || 32.1 ||
  || 32.2 ||
  || 32.3 ||
  || 32.4 ||
  || 32.5 ||
  || 32.6 ||
  || 32.7 ||
  || 32.8 ||
  || 32.9 ||
  || 32.10 ||
  || 32.11 ||
  || 32.12 ||
  || 32.13 ||
  || 32.14 ||
  || 32.15 ||
  || 32.16 ||
  || 32.17 ||
  || 32.18 ||
  || 32.19 ||
  || 32.20 ||
  || 32.21 ||
  || 32.22 ||
  || 32.23 ||
  || 32.24 ||
  || 32.25 ||
  || 32.26 ||
  || 32.27 ||
  || 32.28 ||
  || 32.29 ||
  || 32.30 ||
  VIII, 33. &lt;к индре&gt;
  || 33.1 ||
  || 33.2 ||
  || 33.3 ||
  || 33.4 ||
  || 33.5 ||
  || 33.6 ||
  || 33.7 ||
  || 33.8 ||
  || 33.9 ||
  || 33.10 ||
  || 33.11 ||
  || 33.12 ||
  || 33.13 ||
  || 33.14 ||
  || 33.15 ||
  || 33.16 ||
  || 33.17 ||
  || 33.18 ||
  || 33.19 ||
  VIII, 34. &lt;к индре&gt;
  || 34.1 ||
  || 34.2 ||
  || 34.3 ||
  || 34.4 ||
  || 34.5 ||
  || 34.6 ||
  || 34.7 ||
  || 34.8 ||
  || 34.9 ||
  || 34.10 ||
  || 34.11 ||
  || 34.12 ||
  || 34.13 ||
  || 34.14 ||
  || 34.15 ||
  || 34.16 ||
  || 34.17 ||
  || 34.18 ||
  VIII, 35. &lt;к ашвинам&gt;
  || 35.1 ||
  || 35.2 ||
  || 35.3 ||
  || 35.4 ||
  || 35.5 ||
  || 35.6 ||
  || 35.7 ||
  || 35.8 ||
  || 35.9 ||
  || 35.10 ||
  || 35.11 ||
  || 35.12 ||
  || 35.13 ||
  || 35.14 ||
  || 35.15 ||
  || 35.16 ||
  || 35.17 ||
  || 35.18 ||
  || 35.19 ||
  || 35.20 ||
  || 35.21 ||
  || 35.22 ||
  || 35.23 ||
  || 35.24 ||
  VIII, 36. &lt;к индре&gt;
  || 36.1 ||
  || 36.2 ||
  || 36.3 ||
  || 36.4 ||
  || 36.5 ||
  || 36.6 ||
  || 36.7 ||
  VIII, 37. &lt;к индре&gt;
  || 37.1 ||
  || 37.2 ||
  || 37.3 ||
  || 37.4 ||
  || 37.5 ||
  || 37.6 ||
  || 37.7 ||
  VIII, 38. &lt;к индре и агни&gt;
  || 38.1 ||
  || 38.2 ||
  || 38.3 ||
  || 38.4 ||
  || 38.5 ||
  || 38.6 ||
  || 38.7 ||
  || 38.8 ||
  || 38.9 ||
  || 38.10 ||
  VIII, 39. &lt;к агни&gt;
  || 39.1 ||
  || 39.2 ||
  || 39.3 ||
  || 39.4 ||
  || 39.5 ||
  || 39.6 ||
  || 39.7 ||
  || 39.8 ||
  || 39.9 ||
  || 39.10 ||
  VIII, 40. &lt;к индре и агни&gt;
  || 40.1 ||
  || 40.2 ||
  || 40.3 ||
  || 40.4 ||
  || 40.5 ||
  || 40.6 ||
  || 40.7 ||
  || 40.8 ||
  || 40.9 ||
  || 40.10 ||
  || 40.11 ||
  || 40.12 ||
  VIII, 41. &lt;к варуне&gt;
  || 41.1 ||
  || 41.2 ||
  || 41.3 ||
  || 41.4 ||
  || 41.5 ||
  || 41.6 ||
  || 41.7 ||
  || 41.8 ||
  || 41.9 ||
  || 41.10 ||
  VIII, 42. &lt;к варуне и ашвинам&gt;
  || 42.1 ||
  || 42.2 ||
  || 42.3 ||
  || 42.4 ||
  || 42.5 ||
  || 42.6 ||
  VIII, 43. &lt;к агни&gt;
  || 43.1 ||
  || 43.2 ||
  || 43.3 ||
  || 43.4 ||
  || 43.5 ||
  || 43.6 ||
  || 43.7 ||
  || 43.8 ||
  || 43.9 ||
  || 43.10 ||
  || 43.11 ||
  || 43.12 ||
  || 43.13 ||
  || 43.14 ||
  || 43.15 ||
  || 43.16 ||
  || 43.17 ||
  || 43.18 ||
  || 43.19 ||
  || 43.20 ||
  || 43.21 ||
  || 43.22 ||
  || 43.23 ||
  || 43.24 ||
  || 43.25 ||
  || 43.26 ||
  || 43.27 ||
  || 43.28 ||
  || 43.29 ||
  || 43.30 ||
  || 43.31 ||
  || 43.32 ||
  || 43.33 ||
  VIII, 44. &lt;к агни&gt;
  || 44.1 ||
  || 44.2 ||
  || 44.3 ||
  || 44.4 ||
  || 44.5 ||
  || 44.6 ||
  || 44.7 ||
  || 44.8 ||
  || 44.9 ||
  || 44.10 ||
  || 44.11 ||
  || 44.12 ||
  || 44.13 ||
  || 44.14 ||
  || 44.15 ||
  || 44.16 ||
  || 44.17 ||
  || 44.18 ||
  || 44.19 ||
  || 44.20 ||
  || 44.21 ||
  || 44.22 ||
  || 44.23 ||
  || 44.24 ||
  || 44.25 ||
  || 44.26 ||
  || 44.27 ||
  || 44.28 ||
  || 44.29 ||
  || 44.30 ||
  VIII, 45. &lt;к индре&gt;
  || 45.1 ||
  || 45.2 ||
  || 45.3 ||
  || 45.4 ||
  || 45.5 ||
  || 45.6 ||
  || 45.7 ||
  || 45.8 ||
  || 45.9 ||
  || 45.10 ||
  || 45.11 ||
  || 45.12 ||
  || 45.13 ||
  || 45.14 ||
  || 45.15 ||
  || 45.16 ||
  || 45.17 ||
  || 45.18 ||
  || 45.19 ||
  || 45.20 ||
  || 45.21 ||
  || 45.22 ||
  || 45.23 ||
  || 45.24 ||
  || 45.25 ||
  || 45.26 ||
  || 45.27 ||
  || 45.28 ||
  || 45.29 ||
  || 45.30 ||
  || 45.31 ||
  || 45.32 ||
  || 45.33 ||
  || 45.34 ||
  || 45.35 ||
  || 45.36 ||
  || 45.37 ||
  || 45.38 ||
  || 45.39 ||
  || 45.40 ||
  || 45.41 ||
  || 45.42 ||
  VIII, 46. &lt;к индре&gt;
  || 46.1 ||
  || 46.2 ||
  || 46.3 ||
  || 46.4 ||
  || 46.5 ||
  || 46.6 ||
  || 46.7 ||
  || 46.8 ||
  || 46.9 ||
  || 46.10 ||
  || 46.11 ||
  || 46.12 ||
  || 46.13 ||
  || 46.14 ||
  || 46.15 ||
  || 46.16 ||
  || 46.17 ||
  || 46.18 ||
  || 46.19 ||
  || 46.20 ||
  || 46.21 ||
  || 46.22 ||
  || 46.23 ||
  || 46.24 ||
  || 46.25 ||
  || 46.26 ||
  || 46.27 ||
  || 46.28 ||
  || 46.29 ||
  || 46.30 ||
  || 46.31 ||
  || 46.32 ||
  || 46.33 ||
  VIII, 47. &lt;к адитьям&gt;
  || 47.1 ||
  || 47.2 ||
  || 47.3 ||
  || 47.4 ||
  || 47.5 ||
  || 47.6 ||
  || 47.7 ||
  || 47.8 ||
  || 47.9 ||
  || 47.10 ||
  || 47.11 ||
  || 47.12 ||
  || 47.13 ||
  || 47.14 ||
  || 47.15 ||
  || 47.16 ||
  || 47.17 ||
  || 47.18 ||
  VIII, 48. &lt;к соме&gt;
  || 48.1 ||
  || 48.2 ||
  || 48.3 ||
  || 48.4 ||
  || 48.5 ||
  || 48.6 ||
  || 48.7 ||
  || 48.8 ||
  || 48.9 ||
  || 48.10 ||
  || 48.11 ||
  || 48.12 ||
  || 48.13 ||
  || 48.14 ||
  || 48.15 ||
  VIII, 49 (Вал. 1). &lt;к индре&gt;
  || 49.1 ||
  || 49.2 ||
  || 49.3 ||
  || 49.4 ||
  || 49.5 ||
  || 49.6 ||
  || 49.7 ||
  || 49.8 ||
  || 49.9 ||
  || 49.10 ||
  VIII, 50 (Вал. 2). &lt;к индре&gt;
  || 50.1 ||
  || 50.2 ||
  || 50.3 ||
  || 50.4 ||
  || 50.5 ||
  || 50.6 ||
  || 50.7 ||
  || 50.8 ||
  || 50.9 ||
  || 50.10 ||
  VIII, 51 (Вал. З). &lt;к индре&gt;
  || 51.1 ||
  || 51.2 ||
  || 51.3 ||
  || 51.4 ||
  || 51.5 ||
  || 51.6 ||
  || 51.7 ||
  || 51.8 ||
  || 51.9 ||
  || 51.10 ||
  VIII, 52 (Вал. 4). &lt;к индре&gt;
  || 52.1 ||
  || 52.2 ||
  || 52.3 ||
  || 52.4 ||
  || 52.5 ||
  || 52.6 ||
  || 52.7 ||
  || 52.8 ||
  || 52.9 ||
  || 52.10 ||
  VIII, 53 (Вал. 5). &lt;к индре&gt;
  || 53.1 ||
  || 53.2 ||
  || 53.3 ||
  || 53.4 ||
  || 53.5 ||
  || 53.6 ||
  || 53.7 ||
  || 53.8 ||
  VIII, 54 (Вал. 6). &lt;к индре и всем-богам&gt;
  || 54.1 ||
  || 54.2 ||
  || 54.3 ||
  || 54.4 ||
  || 54.5 ||
  || 54.6 ||
  || 54.7 ||
  || 54.8 ||
  VIII, 55 (Вал. 7). &lt;восхваление даров&gt;&lt;/восхваление&gt;
  || 55.1 ||
  || 55.2 ||
  || 55.3 ||
  || 55.4 ||
  || 55.5 ||
  VIII, 56 (Вал. 8). &lt;восхваление даров&gt;&lt;/восхваление&gt;
  || 56.1 ||
  || 56.2 ||
  || 56.3 ||
  || 56.4 ||
  || 56.5 ||
  VIII, 57 (Вал. 9). &lt;к ашвинам&gt;
  || 57.1 ||
  || 57.2 ||
  || 57.3 ||
  || 57.4 ||
  VIII, 58 (Вал. 10). &lt;отрывок&gt;&lt;/отрывок&gt;
  || 58.1 ||
  || 58.2 ||
  || 58.3 ||
  VIII, 59 (Вал. 11). &lt;к индре и варуне&gt;
  || 59.1 ||
  || 59.2 ||
  || 59.3 ||
  || 59.4 ||
  || 59.5 ||
  || 59.6 ||
  || 59.7 ||
  VIII, 60. &lt;к агни&gt;
  || 60.1 ||
  || 60.2 ||
  || 60.3 ||
  || 60.4 ||
  || 60.5 ||
  || 60.6 ||
  || 60.7 ||
  || 60.8 ||
  || 60.9 ||
  || 60.10 ||
  || 60.11 ||
  || 60.12 ||
  || 60.13 ||
  || 60.14 ||
  || 60.15 ||
  || 60.16 ||
  || 60.17 ||
  || 60.18 ||
  || 60.19 ||
  || 60.20 ||
  VIII, 61. &lt;к индре&gt;
  || 61.1 ||
  || 61.2 ||
  || 61.3 ||
  || 61.4 ||
  || 61.5 ||
  || 61.6 ||
  || 61.7 ||
  || 61.8 ||
  || 61.9 ||
  || 61.10 ||
  || 61.11 ||
  || 61.12 ||
  || 61.13 ||
  || 61.14 ||
  || 61.15 ||
  || 61.16 ||
  || 61.17 ||
  || 61.18 ||
  VIII, 62. &lt;к индре&gt;
  || 62.1 ||
  || 62.2 ||
  || 62.3 ||
  || 62.4 ||
  || 62.5 ||
  || 62.6 ||
  || 62.7 ||
  || 62.8 ||
  || 62.9 ||
  || 62.10 ||
  || 62.11 ||
  || 62.12 ||
  VIII, 63. &lt;к индре&gt;
  || 63.1 ||
  || 63.2 ||
  || 63.3 ||
  || 63.4 ||
  || 63.5 ||
  || 63.6 ||
  || 63.7 ||
  || 63.8 ||
  || 63.9 ||
  || 63.10 ||
  || 63.11 ||
  || 63.12 ||
  VIII, 64. &lt;к индре&gt;
  || 64.1 ||
  || 64.2 ||
  || 64.3 ||
  || 64.4 ||
  || 64.5 ||
  || 64.6 ||
  || 64.7 ||
  || 64.8 ||
  || 64.9 ||
  || 64.10 ||
  || 64.11 ||
  || 64.12 ||
  VIII, 65. &lt;к индре&gt;
  || 65.1 ||
  || 65.2 ||
  || 65.3 ||
  || 65.4 ||
  || 65.5 ||
  || 65.6 ||
  || 65.7 ||
  || 65.8 ||
  || 65.9 ||
  || 65.10 ||
  || 65.11 ||
  || 65.12 ||
  VIII, 66. &lt;к индре&gt;
  || 66.1 ||
  || 66.2 ||
  || 66.3 ||
  || 66.4 ||
  || 66.5 ||
  || 66.6 ||
  || 66.7 ||
  || 66.8 ||
  || 66.9 ||
  || 66.10 ||
  || 66.11 ||
  || 66.12 ||
  || 66.13 ||
  || 66.14 ||
  || 66.15 ||
  VIII, 67. &lt;к адитьям&gt;
  || 67.1 ||
  || 67.2 ||
  || 67.3 ||
  || 67.4 ||
  || 67.5 ||
  || 67.6 ||
  || 67.7 ||
  || 67.8 ||
  || 67.9 ||
  || 67.10 ||
  || 67.11 ||
  || 67.12 ||
  || 67.13 ||
  || 67.14 ||
  || 67.15 ||
  || 67.16 ||
  || 67.17 ||
  || 67.18 ||
  || 67.19 ||
  || 67.20 ||
  || 67.21 ||
  VIII, 68. &lt;к индре&gt;
  || 68.1 ||
  || 68.2 ||
  || 68.3 ||
  || 68.4 ||
  || 68.5 ||
  || 68.6 ||
  || 68.7 ||
  || 68.8 ||
  || 68.9 ||
  || 68.10 ||
  || 68.11 ||
  || 68.12 ||
  || 68.13 ||
  || 68.14 ||
  || 68.15 ||
  || 68.16 ||
  || 68.17 ||
  || 68.18 ||
  || 68.19 ||
  VIII, 69. &lt;к индре&gt;
  || 69.1 ||
  || 69.2 ||
  || 69.3 ||
  || 69.4 ||
  || 69.5 ||
  || 69.6 ||
  || 69.7 ||
  || 69.8 ||
  || 69.9 ||
  || 69.10 ||
  || 69.11 ||
  || 69.12 ||
  || 69.13 ||
  || 69.14 ||
  || 69.15 ||
  || 69.16 ||
  || 69.17 ||
  || 69.18 ||
  VIII, 70. &lt;к индре&gt;
  || 70.1 ||
  || 70.2 ||
  || 70.3 ||
  || 70.4 ||
  || 70.5 ||
  || 70.6 ||
  || 70.7 ||
  || 70.8 ||
  || 70.9 ||
  || 70.10 ||
  || 70.11 ||
  || 70.12 ||
  || 70.13 ||
  || 70.14 ||
  || 70.15 ||
  VIII, 71. &lt;к агни&gt;
  || 71.1 ||
  || 71.2 ||
  || 71.3 ||
  || 71.4 ||
  || 71.5 ||
  || 71.6 ||
  || 71.7 ||
  || 71.8 ||
  || 71.9 ||
  || 71.10 ||
  || 71.11 ||
  || 71.12 ||
  || 71.13 ||
  || 71.14 ||
  || 71.15 ||
  VIII, 72. &lt;к агни, или восхваление жертвенных даров&gt;
  || 72.1 ||
  || 72.2 ||
  || 72.3 ||
  || 72.4 ||
  || 72.5 ||
  || 72.6 ||
  || 72.7 ||
  || 72.8 ||
  || 72.9 ||
  || 72.10 ||
  || 72.11 ||
  || 72.12 ||
  || 72.13 ||
  || 72.14 ||
  || 72.15 ||
  || 72.16 ||
  || 72.17 ||
  || 72.18 ||
  VIII, 73. &lt;к ашвинам&gt;
  || 73.1 ||
  || 73.2 ||
  || 73.3 ||
  || 73.4 ||
  || 73.5 ||
  || 73.6 ||
  || 73.7 ||
  || 73.8 ||
  || 73.9 ||
  || 73.10 ||
  || 73.11 ||
  || 73.12 ||
  || 73.13 ||
  || 73.14 ||
  || 73.15 ||
  || 73.16 ||
  || 73.17 ||
  || 73.18 ||
  VIII, 74. &lt;к агни&gt;
  || 74.1 ||
  || 74.2 ||
  || 74.3 ||
  || 74.4 ||
  || 74.5 ||
  || 74.6 ||
  || 74.7 ||
  || 74.8 ||
  || 74.9 ||
  || 74.10 ||
  || 74.11 ||
  || 74.12 ||
  || 74.13 ||
  || 74.14 ||
  || 74.15 ||
  VIII, 75. &lt;к агни&gt;
  || 75.1 ||
  || 75.2 ||
  || 75.3 ||
  || 75.4 ||
  || 75.5 ||
  || 75.6 ||
  || 75.7 ||
  || 75.8 ||
  || 75.9 ||
  || 75.10 ||
  || 75.11 ||
  || 75.12 ||
  || 75.13 ||
  || 75.14 ||
  || 75.15 ||
  || 75.16 ||
  VIII, 76. &lt;к индре&gt;
  || 76.1 ||
  || 76.2 ||
  || 76.3 ||
  || 76.4 ||
  || 76.5 ||
  || 76.6 ||
  || 76.7 ||
  || 76.8 ||
  || 76.9 ||
  || 76.10 ||
  || 76.11 ||
  || 76.12 ||
  VIII, 77. &lt;к индре&gt;
  || 77.1 ||
  || 77.2 ||
  || 77.3 ||
  || 77.4 ||
  || 77.5 ||
  || 77.6 ||
  || 77.7 ||
  || 77.8 ||
  || 77.9 ||
  || 77.10 ||
  || 77.11 ||
  VIII, 78. &lt;к индре&gt;
  || 78.1 ||
  || 78.2 ||
  || 78.3 ||
  || 78.4 ||
  || 78.5 ||
  || 78.6 ||
  || 78.7 ||
  || 78.8 ||
  || 78.9 ||
  || 78.10 ||
  VIII, 79. &lt;к соме&gt;
  || 79.1 ||
  || 79.2 ||
  || 79.3 ||
  || 79.4 ||
  || 79.5 ||
  || 79.6 ||
  || 79.7 ||
  || 79.8 ||
  || 79.9 ||
  VIII, 80. &lt;к индре&gt;
  || 80.1 ||
  || 80.2 ||
  || 80.3 ||
  || 80.4 ||
  || 80.5 ||
  || 80.6 ||
  || 80.7 ||
  || 80.8 ||
  || 80.9 ||
  || 80.10 ||
  VIII, 81. &lt;к индре&gt;
  || 81.1 ||
  || 81.2 ||
  || 81.3 ||
  || 81.4 ||
  || 81.5 ||
  || 81.6 ||
  || 81.7 ||
  || 81.8 ||
  || 81.9 ||
  VIII, 82. &lt;к индре&gt;
  || 82.1 ||
  || 82.2 ||
  || 82.3 ||
  || 82.4 ||
  || 82.5 ||
  || 82.6 ||
  || 82.7 ||
  || 82.8 ||
  || 82.9 ||
  VIII, 83. &lt;ко всем-богам&gt; &lt;/ко&gt;
  || 83.1 ||
  || 83.2 ||
  || 83.3 ||
  || 83.4 ||
  || 83.5 ||
  || 83.6 ||
  || 83.7 ||
  || 83.8 ||
  || 83.9 ||
  VIII, 84. &lt;к агни&gt;
  || 84.1 ||
  || 84.2 ||
  || 84.3 ||
  || 84.4 ||
  || 84.5 ||
  || 84.6 ||
  || 84.7 ||
  || 84.8 ||
  || 84.9 ||
  VIII, 85. &lt;к ашвинам&gt;
  || 85.1 ||
  || 85.2 ||
  || 85.3 ||
  || 85.4 ||
  || 85.5 ||
  || 85.6 ||
  || 85.7 ||
  || 85.8 ||
  || 85.9 ||
  VIII, 86. &lt;к ашвинам&gt;
  || 86.1 ||
  || 86.2 ||
  || 86.3 ||
  || 86.4 ||
  || 86.5 ||
  VIII, 87. &lt;к ашвинам&gt;
  || 87.1 ||
  || 87.2 ||
  || 87.3 ||
  || 87.4 ||
  || 87.5 ||
  || 87.6 ||
  VIII, 88. &lt;к индре&gt;
  || 88.1 ||
  || 88.2 ||
  || 88.3 ||
  || 88.4 ||
  || 88.5 ||
  || 88.6 ||
  VIII, 89. &lt;к индре&gt;
  || 89.1 ||
  || 89.2 ||
  || 89.3 ||
  || 89.4 ||
  || 89.5 ||
  || 89.6 ||
  || 89.7 ||
  VIII, 90. &lt;к индре&gt;
  || 90.1 ||
  || 90.2 ||
  || 90.3 ||
  || 90.4 ||
  || 90.5 ||
  || 90.6 ||
  VIII, 91. &lt;к индре&gt; (Индра и Апала)
  || 91.1 ||
  || 91.2 ||
  || 91.3 ||
  || 91.4 ||
  || 91.5 ||
  || 91.6 ||
  || 91.7 ||
  VIII, 92. &lt;к индре&gt;
  || 92.1 ||
  || 92.2 ||
  || 92.3 ||
  || 92.4 ||
  || 92.5 ||
  || 92.6 ||
  || 92.7 ||
  || 92.8 ||
  || 92.9 ||
  || 92.10 ||
  || 92.11 ||
  || 92.12 ||
  || 92.13 ||
  || 92.14 ||
  || 92.15 ||
  || 92.16 ||
  || 92.17 ||
  || 92.18 ||
  || 92.19 ||
  || 92.20 ||
  || 92.21 ||
  || 92.22 ||
  || 92.23 ||
  || 92.24 ||
  || 92.25 ||
  || 92.26 ||
  || 92.27 ||
  || 92.28 ||
  || 92.29 ||
  || 92.30 ||
  || 92.31 ||
  || 92.32 ||
  || 92.33 ||
  VIII, 93. &lt;к индре&gt;
  || 93.1 ||
  || 93.2 ||
  || 93.3 ||
  || 93.4 ||
  || 93.5 ||
  || 93.6 ||
  || 93.7 ||
  || 93.8 ||
  || 93.9 ||
  || 93.10 ||
  || 93.11 ||
  || 93.12 ||
  || 93.13 ||
  || 93.14 ||
  || 93.15 ||
  || 93.16 ||
  || 93.17 ||
  || 93.18 ||
  || 93.19 ||
  || 93.20 ||
  || 93.21 ||
  || 93.22 ||
  || 93.23 ||
  || 93.24 ||
  || 93.25 ||
  || 93.26 ||
  || 93.27 ||
  || 93.28 ||
  || 93.29 ||
  || 93.30 ||
  || 93.31 ||
  || 93.32 ||
  || 93.33 ||
  || 93.34 ||
  VIII, 94. &lt;к марутам&gt;
  || 94.1 ||
  || 94.2 ||
  || 94.3 ||
  || 94.4 ||
  || 94.5 ||
  || 94.6 ||
  || 94.7 ||
  || 94.8 ||
  || 94.9 ||
  || 94.10 ||
  || 94.11 ||
  || 94.12 ||
  VIII, 95. &lt;к индре&gt;
  || 95.1 ||
  || 95.2 ||
  || 95.3 ||
  || 95.4 ||
  || 95.5 ||
  || 95.6 ||
  || 95.7 ||
  || 95.8 ||
  || 95.9 ||
  VIII, 96. &lt;к индре&gt;
  || 96.1 ||
  || 96.2 ||
  || 96.3 ||
  || 96.4 ||
  || 96.5 ||
  || 96.6 ||
  || 96.7 ||
  || 96.8 ||
  || 96.9 ||
  || 96.10 ||
  || 96.11 ||
  || 96.12 ||
  || 96.13 ||
  || 96.14 ||
  || 96.15 ||
  || 96.16 ||
  || 96.17 ||
  || 96.18 ||
  || 96.19 ||
  || 96.20 ||
  || 96.21 ||
  VIII, 97. &lt;к индре&gt;
  || 97.1 ||
  || 97.2 ||
  || 97.3 ||
  || 97.4 ||
  || 97.5 ||
  || 97.6 ||
  || 97.7 ||
  || 97.8 ||
  || 97.9 ||
  || 97.10 ||
  || 97.11 ||
  || 97.12 ||
  || 97.13 ||
  || 97.14 ||
  || 97.15 ||
  VIII, 98. &lt;к индре&gt;
  || 98.1 ||
  || 98.2 ||
  || 98.3 ||
  || 98.4 ||
  || 98.5 ||
  || 98.6 ||
  || 98.7 ||
  || 98.8 ||
  || 98.9 ||
  || 98.10 ||
  || 98.11 ||
  || 98.12 ||
  VIII, 99. &lt;к индре&gt;
  || 99.1 ||
  || 99.2 ||
  || 99.3 ||
  || 99.4 ||
  || 99.5 ||
  || 99.6 ||
  || 99.7 ||
  || 99.8 ||
  VIII, 100. &lt;к индре и ваю&gt;
  || 100.1 ||
  || 100.2 ||
  || 100.3 ||
  || 100.4 ||
  || 100.5 ||
  || 100.6 ||
  || 100.7 ||
  || 100.8 ||
  || 100.9 ||
  || 100.10 ||
  || 100.11 ||
  || 100.12 ||
  VIII, 101. &lt;к разным богам&gt;
  || 101.1 ||
  || 101.2 ||
  || 101.3 ||
  || 101.4 ||
  || 101.5 ||
  || 101.6 ||
  || 101.7 ||
  || 101.8 ||
  || 101.9 ||
  || 101.10 ||
  || 101.11 ||
  || 101.12 ||
  || 101.13 ||
  || 101.14 ||
  || 101.15 ||
  || 101.16 ||
  VIII, 102. &lt;к агни&gt;
  || 102.1 ||
  || 102.2 ||
  || 102.3 ||
  || 102.4 ||
  || 102.5 ||
  || 102.6 ||
  || 102.7 ||
  || 102.8 ||
  || 102.9 ||
  || 102.10 ||
  || 102.11 ||
  || 102.12 ||
  || 102.13 ||
  || 102.14 ||
  || 102.15 ||
  || 102.16 ||
  || 102.17 ||
  || 102.18 ||
  || 102.19 ||
  || 102.20 ||
  || 102.21 ||
  || 102.22 ||
  VIII, 103. &lt;к агни&gt;
  || 103.1 ||
  || 103.2 ||
  || 103.3 ||
  || 103.4 ||
  || 103.5 ||
  || 103.6 ||
  || 103.7 ||
  || 103.8 ||
  || 103.9 ||
  || 103.10 ||
  || 103.11 ||
  || 103.12 ||
  || 103.13 ||
  || 103.14 ||
