Книга: Ригведа. Мандала 9
Адрес: https://vedarama.com/ru/books/rvm9
Страниц сайта: 1223; заголовков: 1224; текстов: 0; картинок: 0
Глав по MCP: 115
Букв в исходнике: 364499; в .md: 364499
Первый заголовок: Ригведа. Мандала 9
Последний заголовок: || 114.4 ||

ЗАМЕЧАНИЙ НЕТ.

Оглавление выгрузки:
Ригведа. Мандала 9
  МАНДАЛА IX
  IX, 1. &lt;к соме&gt;
  || 1.1 ||
  || 1.2 ||
  || 1.3 ||
  || 1.4 ||
  || 1.5 ||
  || 1.6 ||
  || 1.7 ||
  || 1.8 ||
  || 1.9 ||
  || 1.10 ||
  IX, 2.&lt;к соме&gt;
  || 2.1 ||
  || 2.2 ||
  || 2.3 ||
  || 2.4 ||
  || 2.5 ||
  || 2.6 ||
  || 2.7 ||
  || 2.8 ||
  || 2.9 ||
  || 2.10 ||
  IX, 3. &lt;к соме&gt;
  || 3.1 ||
  || 3.2 ||
  || 3.3 ||
  || 3.4 ||
  || 3.5 ||
  || 3.6 ||
  || 3.7 ||
  || 3.8 ||
  || 3.9 ||
  || 3.10 ||
  IX, 4.&amp;lt; К Соме&amp;gt;
  || 4.1 ||
  || 4.2 ||
  || 4.3 ||
  || 4.4 ||
  || 4.5 ||
  || 4.6 ||
  || 4.7 ||
  || 4.8 ||
  || 4.9 ||
  || 4.10 ||
  IX, 5. &lt;гимн-апри&gt;&lt;/гимн-апри&gt;
  || 5.1 ||
  || 5.2 ||
  || 5.3 ||
  || 5.4 ||
  || 5.5 ||
  || 5.6 ||
  || 5.7 ||
  || 5.8 ||
  || 5.9 ||
  || 5.10 ||
  || 5.11 ||
  IX, 6. &lt;к соме&gt;
  || 6.1 ||
  || 6.2 ||
  || 6.3 ||
  || 6.4 ||
  || 6.5 ||
  || 6.6 ||
  || 6.7 ||
  || 6.8 ||
  || 6.9 ||
  IX, 7. &lt;к соме&gt;
  || 7.1 ||
  || 7.2 ||
  || 7.3 ||
  || 7.4 ||
  || 7.5 ||
  || 7.6 ||
  || 7.7 ||
  || 7.8 ||
  || 7.9 ||
  IX, 8. &lt;к соме&gt;
  || 8.1 ||
  || 8.2 ||
  || 8.3 ||
  || 8.4 ||
  || 8.5 ||
  || 8.6 ||
  || 8.7 ||
  || 8.8 ||
  || 8.9 ||
  IX, 9. &lt;к соме&gt;
  || 9.1 ||
  || 9.2 ||
  || 9.3 ||
  || 9.4 ||
  || 9.5 ||
  || 9.6 ||
  || 9.7 ||
  || 9.8 ||
  || 9.9 ||
  IX, 10. &lt;к соме&gt;
  || 10.1 ||
  || 10.2 ||
  || 10.3 ||
  || 10.4 ||
  || 10.5 ||
  || 10.6 ||
  || 10.7 ||
  || 10.8 ||
  || 10.9 ||
  IX, 11. &lt;к соме&gt;
  || 11.1 ||
  || 11.2 ||
  || 11.3 ||
  || 11.4 ||
  || 11.5 ||
  || 11.6 ||
  || 11.7 ||
  || 11.8 ||
  || 11.9 ||
  IX, 12. &lt;к соме&gt;
  || 12.1 ||
  || 12.2 ||
  || 12.3 ||
  || 12.4 ||
  || 12.5 ||
  || 12.6 ||
  || 12.7 ||
  || 12.8 ||
  || 12.9 ||
  IX, 13. &lt;к соме&gt;
  || 13.1 ||
  || 13.2 ||
  || 13.3 ||
  || 13.4 ||
  || 13.5 ||
  || 13.6 ||
  || 13.7 ||
  || 13.8 ||
  || 13.9 ||
  IX, 14. &lt;к соме&gt;
  || 14.1 ||
  || 14.2 ||
  || 14.3 ||
  || 14.4 ||
  || 14.5 ||
  || 14.6 ||
  || 14.7 ||
  || 14.8 ||
  IX, 15. &lt;к соме&gt;
  || 15.1 ||
  || 15.2 ||
  || 15.3 ||
  || 15.4 ||
  || 15.5 ||
  || 15.6 ||
  || 15.7 ||
  || 15.8 ||
  IX, 16. &lt;к соме&gt;
  || 16.1 ||
  || 16.2 ||
  || 16.3 ||
  || 16.4 ||
  || 16.5 ||
  || 16.6 ||
  || 16.7 ||
  || 16.8 ||
  IX, 17. &lt;к соме&gt;
  || 17.1 ||
  || 17.2 ||
  || 17.3 ||
  || 17.4 ||
  || 17.5 ||
  || 17.6 ||
  || 17.7 ||
  || 17.8 ||
  IX, 18. &lt;к соме&gt;
  || 18.1 ||
  || 18.2 ||
  || 18.3 ||
  || 18.4 ||
  || 18.5 ||
  || 18.6 ||
  || 18.7 ||
  IX, 19. &lt;к соме&gt;
  || 19.1 ||
  || 19.2 ||
  || 19.3 ||
  || 19.4 ||
  || 19.5 ||
  || 19.6 ||
  || 19.7 ||
  IX, 20. &lt;к соме&gt;
  || 20.1 ||
  || 20.2 ||
  || 20.3 ||
  || 20.4 ||
  || 20.5 ||
  || 20.6 ||
  || 20.7 ||
  IX, 21. &lt;к соме&gt;
  || 21.1 ||
  || 21.2 ||
  || 21.3 ||
  || 21.4 ||
  || 21.5 ||
  || 21.6 ||
  || 21.7 ||
  IX, 22. &lt;к соме&gt;
  || 22.1 ||
  || 22.2 ||
  || 22.3 ||
  || 22.4 ||
  || 22.5 ||
  || 22.6 ||
  || 22.7 ||
  IX, 23. &lt;к соме&gt;
  || 23.1 ||
  || 23.2 ||
  || 23.3 ||
  || 23.4 ||
  || 23.5 ||
  || 23.6 ||
  || 23.7 ||
  IX, 24. &lt;к соме&gt;
  || 24.1 ||
  || 24.2 ||
  || 24.3 ||
  || 24.4 ||
  || 24.5 ||
  || 24.6 ||
  || 24.7 ||
  IX, 25. &lt;к соме&gt;
  || 25.1 ||
  || 25.2 ||
  || 25.3 ||
  || 25.4 ||
  || 25.5 ||
  || 25.6 ||
  IX, 26. &lt;к соме&gt;
  || 26.1 ||
  || 26.2 ||
  || 26.3 ||
  || 26.4 ||
  || 26.5 ||
  || 26.6 ||
  IX, 27. &lt;к соме&gt;
  || 27.1 ||
  || 27.2 ||
  || 27.3 ||
  || 27.4 ||
  || 27.5 ||
  || 27.6 ||
  IX, 28. &lt;к соме&gt;
  || 28.1 ||
  || 28.2 ||
  || 28.3 ||
  || 28.4 ||
  || 28.5 ||
  || 28.6 ||
  IX, 29. &lt;к соме&gt;
  || 29.1 ||
  || 29.2 ||
  || 29.3 ||
  || 29.4 ||
  || 29.5 ||
  || 29.6 ||
  IX, 30. &lt;к соме&gt;
  || 30.1 ||
  || 30.2 ||
  || 30.3 ||
  || 30.4 ||
  || 30.5 ||
  || 30.6 ||
  IX, 31. &lt;к соме&gt;
  || 31.1 ||
  || 31.2 ||
  || 31.3 ||
  || 31.4 ||
  || 31.5 ||
  || 31.6 ||
  IX, 32. &lt;к соме&gt;
  || 32.1 ||
  || 32.2 ||
  || 32.3 ||
  || 32.4 ||
  || 32.5 ||
  || 32.6 ||
  IX, 33. &lt;к соме&gt;
  || 33.1 ||
  || 33.2 ||
  || 33.3 ||
  || 33.4 ||
  || 33.5 ||
  || 33.6 ||
  IX, 34. &lt;к соме&gt;
  || 34.1 ||
  || 34.2 ||
  || 34.3 ||
  || 34.4 ||
  || 34.5 ||
  || 34.6 ||
  IX, 35. &lt;к соме&gt;
  || 35.1 ||
  || 35.2 ||
  || 35.3 ||
  || 35.4 ||
  || 35.5 ||
  || 35.6 ||
  IX, 36. &lt;к соме&gt;
  || 36.1 ||
  || 36.2 ||
  || 36.3 ||
  || 36.4 ||
  || 36.5 ||
  || 36.6 ||
  IX, 37. &lt;к соме&gt;
  || 37.1 ||
  || 37.2 ||
  || 37.3 ||
  || 37.4 ||
  || 37.5 ||
  || 37.6 ||
  IX, 38. &lt;к соме&gt;
  || 38.1 ||
  || 38.2 ||
  || 38.3 ||
  || 38.4 ||
  || 38.5 ||
  || 38.6 ||
  IX, 39. &lt;к соме&gt;
  || 39.1 ||
  || 39.2 ||
  || 39.3 ||
  || 39.4 ||
  || 39.5 ||
  || 39.6 ||
  IX, 40. &lt;к соме&gt;
  || 40.1 ||
  || 40.2 ||
  || 40.3 ||
  || 40.4 ||
  || 40.5 ||
  || 40.6 ||
  IX, 41. &lt;к соме&gt;
  || 41.1 ||
  || 41.2 ||
  || 41.3 ||
  || 41.4 ||
  || 41.5 ||
  || 41.6 ||
  IX, 42. &lt;к соме&gt;
  || 42.1 ||
  || 42.2 ||
  || 42.3 ||
  || 42.4 ||
  || 42.5 ||
  || 42.6 ||
  IX, 43. &lt;к соме&gt;
  || 43.1 ||
  || 43.2 ||
  || 43.3 ||
  || 43.4 ||
  || 43.5 ||
  || 43.6 ||
  IX, 44. &lt;к соме&gt;
  || 44.1 ||
  || 44.2 ||
  || 44.3 ||
  || 44.4 ||
  || 44.5 ||
  || 44.6 ||
  IX, 45. &lt;к соме&gt;
  || 45.1 ||
  || 45.2 ||
  || 45.3 ||
  || 45.4 ||
  || 45.5 ||
  || 45.6 ||
  IX, 46. &lt;к соме&gt;
  || 46.1 ||
  || 46.2 ||
  || 46.3 ||
  || 46.4 ||
  || 46.5 ||
  || 46.6 ||
  IX, 47. &lt;к соме&gt;
  || 47.1 ||
  || 47.2 ||
  || 47.3 ||
  || 47.4 ||
  || 47.5 ||
  IX, 48. &lt;к соме&gt;
  || 48.1 ||
  || 48.2 ||
  || 48.3 ||
  || 48.4 ||
  || 48.5 ||
  IX, 49. &lt;к соме&gt;
  || 49.1 ||
  || 49.2 ||
  || 49.3 ||
  || 49.4 ||
  || 49.5 ||
  IX, 50. &lt;к соме&gt;
  || 50.1 ||
  || 50.2 ||
  || 50.3 ||
  || 50.4 ||
  || 50.5 ||
  IX, 51. &lt;к соме&gt;
  || 51.1 ||
  || 51.2 ||
  || 51.3 ||
  || 51.4 ||
  || 51.5 ||
  IX, 52. &lt;к соме&gt;
  || 52.1 ||
  || 52.2 ||
  || 52.3 ||
  || 52.4 ||
  || 52.5 ||
  IX, 53. &lt;к соме&gt;
  || 53.1 ||
  || 53.2 ||
  || 53.3 ||
  || 53.4 ||
  IX, 54. &lt;к соме&gt;
  || 54.1 ||
  || 54.2 ||
  || 54.3 ||
  || 54.4 ||
  IX, 55. &lt;к соме&gt;
  || 55.1 ||
  || 55.2 ||
  || 55.3 ||
  || 55.4 ||
  IX, 56. &lt;к соме&gt;
  || 56.1 ||
  || 56.2 ||
  || 56.3 ||
  || 56.4 ||
  IX, 57. &lt;к соме&gt;
  || 57.1 ||
  || 57.2 ||
  || 57.3 ||
  || 57.4 ||
  IX, 58. &lt;к соме&gt;
  || 58.1 ||
  || 58.2 ||
  || 58.3 ||
  || 58.4 ||
  IX, 59. &lt;к соме&gt;
  || 59.1 ||
  || 59.2 ||
  || 59.3 ||
  || 59.4 ||
  IX, 60. &lt;к соме&gt;
  || 60.1 ||
  || 60.2 ||
  || 60.3 ||
  || 60.4 ||
  IX, 61. &lt;к соме&gt;
  || 61.1 ||
  || 61.2 ||
  || 61.3 ||
  || 61.4 ||
  || 61.5 ||
  || 61.6 ||
  || 61.7 ||
  || 61.8 ||
  || 61.9 ||
  || 61.10 ||
  || 61.11 ||
  || 61.12 ||
  || 61.13 ||
  || 61.14 ||
  || 61.15 ||
  || 61.16 ||
  || 61.17 ||
  || 61.18 ||
  || 61.19 ||
  || 61.20 ||
  || 61.21 ||
  || 61.22 ||
  || 61.23 ||
  || 61.24 ||
  || 61.25 ||
  || 61.26 ||
  || 61.27 ||
  || 61.28 ||
  || 61.29 ||
  || 61.30 ||
  IX, 62. &lt;к соме&gt;
  || 62.1 ||
  || 62.2 ||
  || 62.3 ||
  || 62.4 ||
  || 62.5 ||
  || 62.6 ||
  || 62.7 ||
  || 62.8 ||
  || 62.9 ||
  || 62.10 ||
  || 62.11 ||
  || 62.12 ||
  || 62.13 ||
  || 62.14 ||
  || 62.15 ||
  || 62.16 ||
  || 62.17 ||
  || 62.18 ||
  || 62.19 ||
  || 62.20 ||
  || 62.21 ||
  || 62.22 ||
  || 62.23 ||
  || 62.24 ||
  || 62.25 ||
  || 62.26 ||
  || 62.27 ||
  || 62.28 ||
  || 62.29 ||
  || 62.30 ||
  IX, 63. &lt;к соме&gt;
  || 63.1 ||
  || 63.2 ||
  || 63.3 ||
  || 63.4 ||
  || 63.5 ||
  || 63.6 ||
  || 63.7 ||
  || 63.8 ||
  || 63.9 ||
  || 63.10 ||
  || 63.11 ||
  || 63.12 ||
  || 63.13 ||
  || 63.14 ||
  || 63.15 ||
  || 63.16 ||
  || 63.17 ||
  || 63.18 ||
  || 63.19 ||
  || 63.20 ||
  || 63.21 ||
  || 63.22 ||
  || 63.23 ||
  || 63.24 ||
  || 63.25 ||
  || 63.26 ||
  || 63.27 ||
  || 63.28 ||
  || 63.29 ||
  || 63.30 ||
  IX, 64. &lt;к соме&gt;
  || 64.1 ||
  || 64.2 ||
  || 64.3 ||
  || 64.4 ||
  || 64.5 ||
  || 64.6 ||
  || 64.7 ||
  || 64.8 ||
  || 64.9 ||
  || 64.10 ||
  || 64.11 ||
  || 64.12 ||
  || 64.13 ||
  || 64.14 ||
  || 64.15 ||
  || 64.16 ||
  || 64.17 ||
  || 64.18 ||
  || 64.19 ||
  || 64.20 ||
  || 64.21 ||
  || 64.22 ||
  || 64.23 ||
  || 64.24 ||
  || 64.25 ||
  || 64.26 ||
  || 64.27 ||
  || 64.28 ||
  || 64.29 ||
  || 64.30 ||
  IX, 65. &lt;к соме&gt;
  || 65.1 ||
  || 65.2 ||
  || 65.3 ||
  || 65.4 ||
  || 65.5 ||
  || 65.6 ||
  || 65.7 ||
  || 65.8 ||
  || 65.9 ||
  || 65.10 ||
  || 65.11 ||
  || 65.12 ||
  || 65.13 ||
  || 65.14 ||
  || 65.15 ||
  || 65.16 ||
  || 65.17 ||
  || 65.18 ||
  || 65.19 ||
  || 65.20 ||
  || 65.21 ||
  || 65.22 ||
  || 65.23 ||
  || 65.24 ||
  || 65.25 ||
  || 65.26 ||
  || 65.27 ||
  || 65.28 ||
  || 65.29 ||
  || 65.30 ||
  IX, 66. &lt;к соме&gt;
  || 66.1 ||
  || 66.2 ||
  || 66.3 ||
  || 66.4 ||
  || 66.5 ||
  || 66.6 ||
  || 66.7 ||
  || 66.8 ||
  || 66.9 ||
  || 66.10 ||
  || 66.11 ||
  || 66.12 ||
  || 66.13 ||
  || 66.14 ||
  || 66.15 ||
  || 66.16 ||
  || 66.17 ||
  || 66.18 ||
  || 66.19 ||
  || 66.20 ||
  || 66.21 ||
  || 66.22 ||
  || 66.23 ||
  || 66.24 ||
  || 66.25 ||
  || 66.26 ||
  || 66.27 ||
  || 66.28 ||
  || 66.29 ||
  || 66.30 ||
  IX, 67. &lt;к соме&gt;
  || 67.1 ||
  || 67.2 ||
  || 67.3 ||
  || 67.4 ||
  || 67.5 ||
  || 67.6 ||
  || 67.7 ||
  || 67.8 ||
  || 67.9 ||
  || 67.10 ||
  || 67.11 ||
  || 67.12 ||
  || 67.13 ||
  || 67.14 ||
  || 67.15 ||
  || 67.16 ||
  || 67.17 ||
  || 67.18 ||
  || 67.19 ||
  || 67.20 ||
  || 67.21 ||
  || 67.22 ||
  || 67.23 ||
  || 67.24 ||
  || 67.25 ||
  || 67.26 ||
  || 67.27 ||
  || 67.28 ||
  || 67.29 ||
  || 67.30 ||
  || 67.31 ||
  || 67.32 ||
  IX, 68. &lt;к соме&gt;
  || 68.1 ||
  || 68.2 ||
  || 68.3 ||
  || 68.4 ||
  || 68.5 ||
  || 68.6 ||
  || 68.7 ||
  || 68.8 ||
  || 68.9 ||
  || 68.10 ||
  IX, 69. &lt;к соме&gt;
  || 69.1 ||
  || 69.2 ||
  || 69.3 ||
  || 69.4 ||
  || 69.5 ||
  || 69.6 ||
  || 69.7 ||
  || 69.8 ||
  || 69.9 ||
  || 69.10 ||
  IX, 70. &lt;к соме&gt;
  || 70.1 ||
  || 70.2 ||
  || 70.3 ||
  || 70.4 ||
  || 70.5 ||
  || 70.6 ||
  || 70.7 ||
  || 70.8 ||
  || 70.9 ||
  || 70.10 ||
  IX, 71. &lt;к соме&gt;
  || 71.1 ||
  || 71.2 ||
  || 71.3 ||
  || 71.4 ||
  || 71.5 ||
  || 71.6 ||
  || 71.7 ||
  || 71.8 ||
  || 71.9 ||
  IX, 72. &lt;к соме&gt;
  || 72.1 ||
  || 72.2 ||
  || 72.3 ||
  || 72.4 ||
  || 72.5 ||
  || 72.6 ||
  || 72.7 ||
  || 72.8 ||
  || 72.9 ||
  IX, 73. &lt;к соме&gt;
  || 73.1 ||
  || 73.2 ||
  || 73.3 ||
  || 73.4 ||
  || 73.5 ||
  || 73.6 ||
  || 73.7 ||
  || 73.8 ||
  || 73.9 ||
  IX, 74. &lt;к соме&gt;
  || 74.1 ||
  || 74.2 ||
  || 74.3 ||
  || 74.4 ||
  || 74.5 ||
  || 74.6 ||
  || 74.7 ||
  || 74.8 ||
  || 74.9 ||
  IX, 75. &lt;к соме&gt;
  || 75.1 ||
  || 75.2 ||
  || 75.3 ||
  || 75.4 ||
  || 75.5 ||
  IX, 76. &lt;к соме&gt;
  || 76.1 ||
  || 76.2 ||
  || 76.3 ||
  || 76.4 ||
  || 76.5 ||
  IX, 77. &lt;к соме&gt;
  || 77.1 ||
  || 77.2 ||
  || 77.3 ||
  || 77.4 ||
  || 77.5 ||
  IX, 78. &lt;к соме&gt;
  || 78.1 ||
  || 78.2 ||
  || 78.3 ||
  || 78.4 ||
  || 78.5 ||
  IX, 79. &lt;к соме&gt;
  || 79.1 ||
  || 79.2 ||
  || 79.3 ||
  || 79.4 ||
  || 79.5 ||
  IX, 80. &lt;к соме&gt;
  || 80.1 ||
  || 80.2 ||
  || 80.3 ||
  || 80.4 ||
  || 80.5 ||
  IX, 81. &lt;к соме&gt;
  || 81.1 ||
  || 81.2 ||
  || 81.3 ||
  || 81.4 ||
  || 81.5 ||
  IX, 82. &lt;к соме&gt;
  || 82.1 ||
  || 82.2 ||
  || 82.3 ||
  || 82.4 ||
  || 82.5 ||
  IX, 83. &lt;к соме&gt;
  || 83.1 ||
  || 83.2 ||
  || 83.3 ||
  || 83.4 ||
  || 83.5 ||
  IX, 84. &lt;к соме&gt;
  || 84.1 ||
  || 84.2 ||
  || 84.3 ||
  || 84.4 ||
  || 84.5 ||
  IX, 85. &lt;к соме&gt;
  || 85.1 ||
  || 85.2 ||
  || 85.3 ||
  || 85.4 ||
  || 85.5 ||
  || 85.6 ||
  || 85.7 ||
  || 85.8 ||
  || 85.9 ||
  || 85.10 ||
  || 85.11 ||
  || 85.12 ||
  IX, 86. &lt;к соме&gt;
  || 86.1 ||
  || 86.2 ||
  || 86.3 ||
  || 86.4 ||
  || 86.5 ||
  || 86.6 ||
  || 86.7 ||
  || 86.8 ||
  || 86.9 ||
  || 86.10 ||
  || 86.11 ||
  || 86.12 ||
  || 86.13 ||
  || 86.14 ||
  || 86.15 ||
  || 86.16 ||
  || 86.17 ||
  || 86.18 ||
  || 86.19 ||
  || 86.20 ||
  || 86.21 ||
  || 86.22 ||
  || 86.23 ||
  || 86.24 ||
  || 86.25 ||
  || 86.26 ||
  || 86.27 ||
  || 86.28 ||
  || 86.29 ||
  || 86.30 ||
  || 86.31 ||
  || 86.32 ||
  || 86.33 ||
  || 86.34 ||
  || 86.35 ||
  || 86.36 ||
  || 86.37 ||
  || 86.38 ||
  || 86.39 ||
  || 86.40 ||
  || 86.41 ||
  || 86.42 ||
  || 86.43 ||
  || 86.44 ||
  || 86.45 ||
  || 86.46 ||
  || 86.47 ||
  || 86.48 ||
  IX, 87. &lt;к соме&gt;
  || 87.1 ||
  || 87.2 ||
  || 87.3 ||
  || 87.4 ||
  || 87.5 ||
  || 87.6 ||
  || 87.7 ||
  || 87.8 ||
  || 87.9 ||
  IX, 88. &lt;к соме&gt;
  || 88.1 ||
  || 88.2 ||
  || 88.3 ||
  || 88.4 ||
  || 88.5 ||
  || 88.6 ||
  || 88.7 ||
  || 88.8 ||
  IX, 89. &lt;к соме&gt;
  || 89.1 ||
  || 89.2 ||
  || 89.3 ||
  || 89.4 ||
  || 89.5 ||
  || 89.6 ||
  || 89.7 ||
  IX, 90. &lt;к соме&gt;
  || 90.1 ||
  || 90.2 ||
  || 90.3 ||
  || 90.4 ||
  || 90.5 ||
  || 90.6 ||
  IX, 91. &lt;к соме&gt;
  || 91.1 ||
  || 91.2 ||
  || 91.3 ||
  || 91.4 ||
  || 91.5 ||
  || 91.6 ||
  IX, 92. &lt;к соме&gt;
  || 92.1 ||
  || 92.2 ||
  || 92.3 ||
  || 92.4 ||
  || 92.5 ||
  || 92.6 ||
  IX, 93. &lt;к соме&gt;
  || 93.1 ||
  || 93.2 ||
  || 93.3 ||
  || 93.4 ||
  || 93.5 ||
  IX, 94. &lt;к соме&gt;
  || 94.1 ||
  || 94.2 ||
  || 94.3 ||
  || 94.4 ||
  || 94.5 ||
  IX, 95. &lt;к соме&gt;
  || 95.1 ||
  || 95.2 ||
  || 95.3 ||
  || 95.4 ||
  || 95.5 ||
  IX, 96. &lt;к соме&gt;
  || 96.1 ||
  || 96.2 ||
  || 96.3 ||
  || 96.4 ||
  || 96.5 ||
  || 96.6 ||
  || 96.7 ||
  || 96.8 ||
  || 96.9 ||
  || 96.10 ||
  || 96.11 ||
  || 96.12 ||
  || 96.13 ||
  || 96.14 ||
  || 96.15 ||
  || 96.16 ||
  || 96.17 ||
  || 96.18 ||
  || 96.19 ||
  || 96.20 ||
  || 96.21 ||
  || 96.22 ||
  || 96.23 ||
  || 96.24 ||
  IX, 97. &lt;к соме&gt;
  || 97.1 ||
  || 97.2 ||
  || 97.3 ||
  || 97.4 ||
  || 97.5 ||
  || 97.6 ||
  || 97.7 ||
  || 97.8 ||
  || 97.9 ||
  || 97.10 ||
  || 97.11 ||
  || 97.12 ||
  || 97.13 ||
  || 97.14 ||
  || 97.15 ||
  || 97.16 ||
  || 97.17 ||
  || 97.18 ||
  || 97.19 ||
  || 97.20 ||
  || 97.21 ||
  || 97.22 ||
  || 97.23 ||
  || 97.24 ||
  || 97.25 ||
  || 97.26 ||
  || 97.27 ||
  || 97.28 ||
  || 97.29 ||
  || 97.30 ||
  || 97.31 ||
  || 97.32 ||
  || 97.33 ||
  || 97.34 ||
  || 97.35 ||
  || 97.36 ||
  || 97.37 ||
  || 97.38 ||
  || 97.39 ||
  || 97.40 ||
  || 97.41 ||
  || 97.42 ||
  || 97.43 ||
  || 97.44 ||
  || 97.45 ||
  || 97.46 ||
  || 97.47 ||
  || 97.48 ||
  || 97.49 ||
  || 97.50 ||
  || 97.51 ||
  || 97.52 ||
  || 97.53 ||
  || 97.54 ||
  || 97.55 ||
  || 97.56 ||
  || 97.57 ||
  || 97.58 ||
  IX, 98. &lt;к соме&gt;
  || 98.1 ||
  || 98.2 ||
  || 98.3 ||
  || 98.4 ||
  || 98.5 ||
  || 98.6 ||
  || 98.7 ||
  || 98.8 ||
  || 98.9 ||
  || 98.10 ||
  || 98.11 ||
  || 98.12 ||
  IX, 99. &lt;к соме&gt;
  || 99.1 ||
  || 99.2 ||
  || 99.3 ||
  || 99.4 ||
  || 99.5 ||
  || 99.6 ||
  || 99.7 ||
  || 99.8 ||
  IX, 100. &lt;к соме&gt;
  || 100.1 ||
  || 100.2 ||
  || 100.3 ||
  || 100.4 ||
  || 100.5 ||
  || 100.6 ||
  || 100.7 ||
  || 100.8 ||
  || 100.9 ||
  IX, 101. &lt;к соме&gt;
  || 101.1 ||
  || 101.2 ||
  || 101.3 ||
  || 101.4 ||
  || 101.5 ||
  || 101.6 ||
  || 101.7 ||
  || 101.8 ||
  || 101.9 ||
  || 101.10 ||
  || 101.11 ||
  || 101.12 ||
  || 101.13 ||
  || 101.14 ||
  || 101.15 ||
  || 101.16 ||
  IX, 102. &lt;к соме&gt;
  || 102.1 ||
  || 102.2 ||
  || 102.3 ||
  || 102.4 ||
  || 102.5 ||
  || 102.6 ||
  || 102.7 ||
  || 102.8 ||
  IX, 103. &lt;к соме&gt;
  || 103.1 ||
  || 103.2 ||
  || 103.3 ||
  || 103.4 ||
  || 103.5 ||
  || 103.6 ||
  IX, 104. &lt;к соме&gt;
  || 104.1 ||
  || 104.2 ||
  || 104.3 ||
  || 104.4 ||
  || 104.5 ||
  || 104.6 ||
  IX, 105. &lt;к соме&gt;
  || 105.1 ||
  || 105.2 ||
  || 105.3 ||
  || 105.4 ||
  || 105.5 ||
  || 105.6 ||
  IX, 106. &lt;к соме&gt;
  || 106.1 ||
  || 106.2 ||
  || 106.3 ||
  || 106.4 ||
  || 106.5 ||
  || 106.6 ||
  || 106.7 ||
  || 106.8 ||
  || 106.9 ||
  || 106.10 ||
  || 106.11 ||
  || 106.12 ||
  || 106.13 ||
  || 106.14 ||
  IX, 107. &lt;к соме&gt;
  || 107.1 ||
  || 107.2 ||
  || 107.3 ||
  || 107.4 ||
  || 107.5 ||
  || 107.6 ||
  || 107.7 ||
  || 107.8 ||
  || 107.9 ||
  || 107.10 ||
  || 107.11 ||
  || 107.12 ||
  || 107.13 ||
  || 107.14 ||
  || 107.15 ||
  || 107.16 ||
  || 107.17 ||
  || 107.18 ||
  || 107.19 ||
  || 107.20 ||
  || 107.21 ||
  || 107.22 ||
  || 107.23 ||
  || 107.24 ||
  || 107.25 ||
  || 107.26 ||
  IX, 108. &lt;к соме&gt;
  || 108.1 ||
  || 108.2 ||
  || 108.3 ||
  || 108.4 ||
  || 108.5 ||
  || 108.6 ||
  || 108.7 ||
  || 108.8 ||
  || 108.9 ||
  || 108.10 ||
  || 108.11 ||
  || 108.12 ||
  || 108.13 ||
  || 108.14 ||
  || 108.15 ||
  || 108.16 ||
  IX, 109. &lt;к соме&gt;
  || 109.1 ||
  || 109.2 ||
  || 109.3 ||
  || 109.4 ||
  || 109.5 ||
  || 109.6 ||
  || 109.7 ||
  || 109.8 ||
  || 109.9 ||
  || 109.10 ||
  || 109.11 ||
  || 109.12 ||
  || 109.13 ||
  || 109.14 ||
  || 109.15 ||
  || 109.16 ||
  || 109.17 ||
  || 109.18 ||
  || 109.19 ||
  || 109.20 ||
  || 109.21 ||
  || 109.22 ||
  IX, 110. &lt;к соме&gt;
  || 110.1 ||
  || 110.2 ||
  || 110.3 ||
  || 110.4 ||
  || 110.5 ||
  || 110.6 ||
  || 110.7 ||
  || 110.8 ||
  || 110.9 ||
  || 110.10 ||
  || 110.11 ||
  || 110.12 ||
  IX, 111. &lt;к соме&gt;
  || 111.1 ||
  || 111.2 ||
  || 111.3 ||
  IX, 112. &lt;к соме&gt;
  || 112.1 ||
  || 112.2 ||
  || 112.3 ||
  || 112.4 ||
  IX, 113. &lt;к соме&gt;
  || 113.1 ||
  || 113.2 ||
  || 113.3 ||
  || 113.4 ||
  || 113.5 ||
  || 113.6 ||
  || 113.7 ||
  || 113.8 ||
  || 113.9 ||
  || 113.10 ||
  || 113.11 ||
  IX, 114. &lt;к соме&gt;
  || 114.1 ||
  || 114.2 ||
  || 114.3 ||
  || 114.4 ||
