Книга: Ригведа. Мандала 6
Адрес: https://vedarama.com/ru/books/rvm6
Страниц сайта: 841; заголовков: 842; текстов: 0; картинок: 0
Глав по MCP: 76
Букв в исходнике: 286579; в .md: 286579
Первый заголовок: Ригведа. Мандала 6
Последний заголовок: || 75.19 ||

ЗАМЕЧАНИЙ НЕТ.

Оглавление выгрузки:
Ригведа. Мандала 6
  МАНДАЛА VI
  VI, 1. &lt;к агни&gt;
  || 1.1 ||
  || 1.2 ||
  || 1.3 ||
  || 1.4 ||
  || 1.5 ||
  || 1.6 ||
  || 1.7 ||
  || 1.8 ||
  || 1.9 ||
  || 1.10 ||
  || 1.11 ||
  || 1.12 ||
  || 1.13 ||
  VI, 2. &lt;к агни&gt;
  || 2.1 ||
  || 2.2 ||
  || 2.3 ||
  || 2.4 ||
  || 2.5 ||
  || 2.6 ||
  || 2.7 ||
  || 2.8 ||
  || 2.9 ||
  || 2.10 ||
  || 2.11 ||
  VI, 3. (К Агни)
  || 3.1 ||
  || 3.2 ||
  || 3.3 ||
  || 3.4 ||
  || 3.5 ||
  || 3.6 ||
  || 3.7 ||
  || 3.8 ||
  VI, 4. &lt;к агни&gt;
  || 4.1 ||
  || 4.2 ||
  || 4.3 ||
  || 4.4 ||
  || 4.5 ||
  || 4.6 ||
  || 4.7 ||
  || 4.8 ||
  VI, 5. &lt;к агни&gt;
  || 5.1 ||
  || 5.2 ||
  || 5.3 ||
  || 5.4 ||
  || 5.5 ||
  || 5.6 ||
  || 5.7 ||
  VI, 6. &lt;к агни&gt;
  || 6.1 ||
  || 6.2 ||
  || 6.3 ||
  || 6.4 ||
  || 6.5 ||
  || 6.6 ||
  || 6.7 ||
  VI, 7. &lt;к агни-вайшванаре&gt;
  || 7.1 ||
  || 7.2 ||
  || 7.3 ||
  || 7.4 ||
  || 7.5 ||
  || 7.6 ||
  || 7.7 ||
  VI, 8. &lt;к агни-вайшванаре&gt;
  || 8.1 ||
  || 8.2 ||
  || 8.3 ||
  || 8.4 ||
  || 8.5 ||
  || 8.6 ||
  || 8.7 ||
  VI, 9. &lt;к агни-вайшванаре&gt;
  || 9.1 ||
  || 9.2 ||
  || 9.3 ||
  || 9.4 ||
  || 9.5 ||
  || 9.6 ||
  || 9.7 ||
  VI, 10. &lt;к агни&gt;
  || 10.1 ||
  || 10.2 ||
  || 10.3 ||
  || 10.4 ||
  || 10.5 ||
  || 10.6 ||
  || 10.7 ||
  VI, 11. &lt;к агни&gt;
  || 11.1 ||
  || 11.2 ||
  || 11.3 ||
  || 11.4 ||
  || 11.5 ||
  || 11.6 ||
  VI, 12. &lt;к агни&gt;
  || 12.1 ||
  || 12.2 ||
  || 12.3 ||
  || 12.4 ||
  || 12.5 ||
  || 12.6 ||
  VI, 13. &lt;к агни&gt;
  || 13.1 ||
  || 13.2 ||
  || 13.3 ||
  || 13.4 ||
  || 13.5 ||
  || 13.6 ||
  VI, 14. &lt;к агни&gt;
  || 14.1 ||
  || 14.2 ||
  || 14.3 ||
  || 14.4 ||
  || 14.5 ||
  || 14.6 ||
  VI, 15. &lt;к агни&gt;
  || 15.1 ||
  || 15.2 ||
  || 15.3 ||
  || 15.4 ||
  || 15.5 ||
  || 15.6 ||
  || 15.7 ||
  || 15.8 ||
  || 15.9 ||
  || 15.10 ||
  || 15.11 ||
  || 15.12 ||
  || 15.13 ||
  || 15.14 ||
  || 15.15 ||
  || 15.16 ||
  || 15.17 ||
  || 15.18 ||
  || 15.19 ||
  VI, 16. &lt;к агни&gt;
  || 16.1 ||
  || 16.2 ||
  || 16.3 ||
  || 16.4 ||
  || 16.5 ||
  || 16.6 ||
  || 16.7 ||
  || 16.8 ||
  || 16.9 ||
  || 16.10 ||
  || 16.11 ||
  || 16.12 ||
  || 16.13 ||
  || 16.14 ||
  || 16.15 ||
  || 16.16 ||
  || 16.17 ||
  || 16.18 ||
  || 16.19 ||
  || 16.20 ||
  || 16.21 ||
  || 16.22 ||
  || 16.23 ||
  || 16.24 ||
  || 16.25 ||
  || 16.26 ||
  || 16.27 ||
  || 16.28 ||
  || 16.29 ||
  || 16.30 ||
  || 16.31 ||
  || 16.32 ||
  || 16.33 ||
  || 16.34 ||
  || 16.35 ||
  || 16.36 ||
  || 16.37 ||
  || 16.38 ||
  || 16.39 ||
  || 16.40 ||
  || 16.41 ||
  || 16.42 ||
  || 16.43 ||
  || 16.44 ||
  || 16.45 ||
  || 16.46 ||
  || 16.47 ||
  || 16.48 ||
  VI, 17. &lt;к индре&gt;
  || 17.1 ||
  || 17.2 ||
  || 17.3 ||
  || 17.4 ||
  || 17.5 ||
  || 17.6 ||
  || 17.7 ||
  || 17.8 ||
  || 17.9 ||
  || 17.10 ||
  || 17.11 ||
  || 17.12 ||
  || 17.13 ||
  || 17.14 ||
  || 17.15 ||
  VI, 18. &lt;к индре&gt;
  || 18.1 ||
  || 18.2 ||
  || 18.3 ||
  || 18.4 ||
  || 18.5 ||
  || 18.6 ||
  || 18.7 ||
  || 18.8 ||
  || 18.9 ||
  || 18.10 ||
  || 18.11 ||
  || 18.12 ||
  || 18.13 ||
  || 18.14 ||
  || 18.15 ||
  VI, 19. &lt;к индре&gt;
  || 19.1 ||
  || 19.2 ||
  || 19.3 ||
  || 19.4 ||
  || 19.5 ||
  || 19.6 ||
  || 19.7 ||
  || 19.8 ||
  || 19.9 ||
  || 19.10 ||
  || 19.11 ||
  || 19.12 ||
  || 19.13 ||
  VI, 20. &lt;к индре&gt;
  || 20.1 ||
  || 20.2 ||
  || 20.3 ||
  || 20.4 ||
  || 20.5 ||
  || 20.6 ||
  || 20.7 ||
  || 20.8 ||
  || 20.9 ||
  || 20.10 ||
  || 20.11 ||
  || 20.12 ||
  || 20.13 ||
  VI, 21. &lt;к индре&gt;
  || 21.1 ||
  || 21.2 ||
  || 21.3 ||
  || 21.4 ||
  || 21.5 ||
  || 21.6 ||
  || 21.7 ||
  || 21.8 ||
  || 21.9 ||
  || 21.10 ||
  || 21.11 ||
  || 21.12 ||
  VI, 22. &lt;к индре&gt;
  || 22.1 ||
  || 22.2 ||
  || 22.3 ||
  || 22.4 ||
  || 22.5 ||
  || 22.6 ||
  || 22.7 ||
  || 22.8 ||
  || 22.9 ||
  || 22.10 ||
  || 22.11 ||
  VI, 23. &lt;к индре&gt;
  || 23.1 ||
  || 23.2 ||
  || 23.3 ||
  || 23.4 ||
  || 23.5 ||
  || 23.6 ||
  || 23.7 ||
  || 23.8 ||
  || 23.9 ||
  || 23.10 ||
  VI, 24. &lt;к индре&gt;
  || 24.1 ||
  || 24.2 ||
  || 24.3 ||
  || 24.4 ||
  || 24.5 ||
  || 24.6 ||
  || 24.7 ||
  || 24.8 ||
  || 24.9 ||
  || 24.10 ||
  VI, 25. &lt;к индре&gt;
  || 25.1 ||
  || 25.2 ||
  || 25.3 ||
  || 25.4 ||
  || 25.5 ||
  || 25.6 ||
  || 25.7 ||
  || 25.8 ||
  || 25.9 ||
  VI, 26. &lt;к индре&gt;
  || 26.1 ||
  || 26.2 ||
  || 26.3 ||
  || 26.4 ||
  || 26.5 ||
  || 26.6 ||
  || 26.7 ||
  || 26.8 ||
  VI, 27. &lt;к индре&gt;
  || 27.1 ||
  || 27.2 ||
  || 27.3 ||
  || 27.4 ||
  || 27.5 ||
  || 27.6 ||
  || 27.7 ||
  || 27.8 ||
  VI, 28. &lt;к коровам и индре&gt;
  || 28.1 ||
  || 28.2 ||
  || 28.3 ||
  || 28.4 ||
  || 28.5 ||
  || 28.6 ||
  || 28.7 ||
  || 28.8 ||
  VI, 29. &lt;к индре&gt;
  || 29.1 ||
  || 29.2 ||
  || 29.3 ||
  || 29.4 ||
  || 29.5 ||
  || 29.6 ||
  VI, 30. &lt;к индре&gt;
  || 30.1 ||
  || 30.2 ||
  || 30.3 ||
  || 30.4 ||
  || 30.5 ||
  VI, 31. &lt;к индре&gt;
  || 31.1 ||
  || 31.2 ||
  || 31.3 ||
  || 31.4 ||
  || 31.5 ||
  VI, 32. &lt;к индре&gt;
  || 32.1 ||
  || 32.2 ||
  || 32.3 ||
  || 32.4 ||
  || 32.5 ||
  VI, 33. &lt;к индре&gt;
  || 33.1 ||
  || 33.2 ||
  || 33.3 ||
  || 33.4 ||
  || 33.5 ||
  VI, 34. &lt;к индре&gt;
  || 34.1 ||
  || 34.2 ||
  || 34.3 ||
  || 34.4 ||
  || 34.5 ||
  VI, 35. &lt;к индре&gt;
  || 35.1 ||
  || 35.2 ||
  || 35.3 ||
  || 35.4 ||
  || 35.5 ||
  VI, 36. &lt;к индре&gt;
  || 36.1 ||
  || 36.2 ||
  || 36.3 ||
  || 36.4 ||
  || 36.5 ||
  VI, 37. &lt;к индре&gt;
  || 37.1 ||
  || 37.2 ||
  || 37.3 ||
  || 37.4 ||
  || 37.5 ||
  VI, 38. &lt;к индре&gt;
  || 38.1 ||
  || 38.2 ||
  || 38.3 ||
  || 38.4 ||
  || 38.5 ||
  VI, 39. &lt;к индре&gt;
  || 39.1 ||
  || 39.2 ||
  || 39.3 ||
  || 39.4 ||
  || 39.5 ||
  VI, 40. &lt;к индре&gt;
  || 40.1 ||
  || 40.2 ||
  || 40.3 ||
  || 40.4 ||
  || 40.5 ||
  VI, 41. &lt;к индре&gt;
  || 41.1 ||
  || 41.2 ||
  || 41.3 ||
  || 41.4 ||
  || 41.5 ||
  VI, 42. &lt;к индре&gt;
  || 42.1 ||
  || 42.2 ||
  || 42.3 ||
  || 42.4 ||
  VI, 43. &lt;к индре&gt;
  || 43.1 ||
  || 43.2 ||
  || 43.3 ||
  || 43.4 ||
  VI, 44. &lt;к индре&gt;
  || 44.1 ||
  || 44.2 ||
  || 44.3 ||
  || 44.4 ||
  || 44.5 ||
  || 44.6 ||
  || 44.7 ||
  || 44.8 ||
  || 44.9 ||
  || 44.10 ||
  || 44.11 ||
  || 44.12 ||
  || 44.13 ||
  || 44.14 ||
  || 44.15 ||
  || 44.16 ||
  || 44.17 ||
  || 44.18 ||
  || 44.19 ||
  || 44.20 ||
  || 44.21 ||
  || 44.22 ||
  || 44.23 ||
  || 44.24 ||
  VI, 45. &lt;к индре&gt;
  || 45.1 ||
  || 45.2 ||
  || 45.3 ||
  || 45.4 ||
  || 45.5 ||
  || 45.6 ||
  || 45.7 ||
  || 45.8 ||
  || 45.9 ||
  || 45.10 ||
  || 45.11 ||
  || 45.12 ||
  || 45.13 ||
  || 45.14 ||
  || 45.15 ||
  || 45.16 ||
  || 45.17 ||
  || 45.18 ||
  || 45.19 ||
  || 45.20 ||
  || 45.21 ||
  || 45.22 ||
  || 45.23 ||
  || 45.24 ||
  || 45.25 ||
  || 45.26 ||
  || 45.27 ||
  || 45.28 ||
  || 45.29 ||
  || 45.30 ||
  || 45.31 ||
  || 45.32 ||
  || 45.33 ||
  VI, 46. &lt;к индре&gt;
  || 46.1 ||
  || 46.2 ||
  || 46.3 ||
  || 46.4 ||
  || 46.5 ||
  || 46.6 ||
  || 46.7 ||
  || 46.8 ||
  || 46.9 ||
  || 46.10 ||
  || 46.11 ||
  || 46.12 ||
  || 46.13 ||
  || 46.14 ||
  VI, 47. &lt;соме, индре и др.&gt;&lt;/соме,&gt;
  || 47.1 ||
  || 47.2 ||
  || 47.3 ||
  || 47.4 ||
  || 47.5 ||
  || 47.6 ||
  || 47.7 ||
  || 47.8 ||
  || 47.9 ||
  || 47.10 ||
  || 47.11 ||
  || 47.12 ||
  || 47.13 ||
  || 47.14 ||
  || 47.15 ||
  || 47.16 ||
  || 47.17 ||
  || 47.18 ||
  || 47.19 ||
  || 47.20 ||
  || 47.21 ||
  || 47.22 ||
  || 47.23 ||
  || 47.24 ||
  || 47.25 ||
  || 47.26 ||
  || 47.27 ||
  || 47.28 ||
  || 47.29 ||
  || 47.30 ||
  || 47.31 ||
  VI, 48. &lt;к агни, марутам, пушану&gt;
  || 48.1 ||
  || 48.2 ||
  || 48.3 ||
  || 48.4 ||
  || 48.5 ||
  || 48.6 ||
  || 48.7 ||
  || 48.8 ||
  || 48.9 ||
  || 48.10 ||
  || 48.11 ||
  || 48.12 ||
  || 48.13 ||
  || 48.14 ||
  || 48.15 ||
  || 48.16 ||
  || 48.17 ||
  || 48.18 ||
  || 48.19 ||
  || 48.20 ||
  || 48.21 ||
  || 48.22 ||
  VI, 49. &lt;ко всем-богам&gt;&lt;/ко&gt;
  || 49.1 ||
  || 49.2 ||
  || 49.3 ||
  || 49.4 ||
  || 49.5 ||
  || 49.6 ||
  || 49.7 ||
  || 49.8 ||
  || 49.9 ||
  || 49.10 ||
  || 49.11 ||
  || 49.12 ||
  || 49.13 ||
  || 49.14 ||
  || 49.15 ||
  VI, 50. &lt;ко всем-богам&gt;&lt;/ко&gt;
  || 50.1 ||
  || 50.2 ||
  || 50.3 ||
  || 50.4 ||
  || 50.5 ||
  || 50.6 ||
  || 50.7 ||
  || 50.8 ||
  || 50.9 ||
  || 50.10 ||
  || 50.11 ||
  || 50.12 ||
  || 50.13 ||
  || 50.14 ||
  || 50.15 ||
  VI, 51. &lt;ко всем-богам&gt;&lt;/ко&gt;
  || 51.1 ||
  || 51.2 ||
  || 51.3 ||
  || 51.4 ||
  || 51.5 ||
  || 51.6 ||
  || 51.7 ||
  || 51.8 ||
  || 51.9 ||
  || 51.10 ||
  || 51.11 ||
  || 51.12 ||
  || 51.13 ||
  || 51.14 ||
  || 51.15 ||
  || 51.16 ||
  VI, 52. &lt;ко всем-богам&gt;&lt;/ко&gt;
  || 52.1 ||
  || 52.2 ||
  || 52.3 ||
  || 52.4 ||
  || 52.5 ||
  || 52.6 ||
  || 52.7 ||
  || 52.8 ||
  || 52.9 ||
  || 52.10 ||
  || 52.11 ||
  || 52.12 ||
  || 52.13 ||
  || 52.14 ||
  || 52.15 ||
  || 52.16 ||
  || 52.17 ||
  VI, 53. &lt;к пушану&gt;
  || 53.1 ||
  || 53.2 ||
  || 53.3 ||
  || 53.4 ||
  || 53.5 ||
  || 53.6 ||
  || 53.7 ||
  || 53.8 ||
  || 53.9 ||
  || 53.10 ||
  VI, 54. &lt;к пушану&gt;
  || 54.1 ||
  || 54.2 ||
  || 54.3 ||
  || 54.4 ||
  || 54.5 ||
  || 54.6 ||
  || 54.7 ||
  || 54.8 ||
  || 54.9 ||
  || 54.10 ||
  VI, 55. &lt;к пушану&gt;
  || 55.1 ||
  || 55.2 ||
  || 55.3 ||
  || 55.4 ||
  || 55.5 ||
  || 55.6 ||
  VI, 56. &lt;к пушану&gt;
  || 56.1 ||
  || 56.2 ||
  || 56.3 ||
  || 56.4 ||
  || 56.5 ||
  || 56.6 ||
  VI, 57. &lt;к пушану и индре&gt;
  || 57.1 ||
  || 57.2 ||
  || 57.3 ||
  || 57.4 ||
  || 57.5 ||
  || 57.6 ||
  VI, 58. &lt;к пушану&gt;
  || 58.1 ||
  || 58.2 ||
  || 58.3 ||
  || 58.4 ||
  VI, 59. &lt;к индре и агни&gt;
  || 59.1 ||
  || 59.2 ||
  || 59.3 ||
  || 59.4 ||
  || 59.5 ||
  || 59.6 ||
  || 59.7 ||
  || 59.8 ||
  || 59.9 ||
  || 59.10 ||
  VI, 60. &lt;к индре и агни&gt;
  || 60.1 ||
  || 60.2 ||
  || 60.3 ||
  || 60.4 ||
  || 60.5 ||
  || 60.6 ||
  || 60.7 ||
  || 60.8 ||
  || 60.9 ||
  || 60.10 ||
  || 60.11 ||
  || 60.12 ||
  || 60.13 ||
  || 60.14 ||
  || 60.15 ||
  VI, 61. &lt;к сарасвати&gt;
  || 61.1 ||
  || 61.2 ||
  || 61.3 ||
  || 61.4 ||
  || 61.5 ||
  || 61.6 ||
  || 61.7 ||
  || 61.8 ||
  || 61.9 ||
  || 61.10 ||
  || 61.11 ||
  || 61.12 ||
  || 61.13 ||
  || 61.14 ||
  VI, 62. &lt;к ашвинам&gt;
  || 62.1 ||
  || 62.2 ||
  || 62.3 ||
  || 62.4 ||
  || 62.5 ||
  || 62.6 ||
  || 62.7 ||
  || 62.8 ||
  || 62.9 ||
  || 62.10 ||
  || 62.11 ||
  VI, 63. &lt;к ашвинам)&gt;
  || 63.1 ||
  || 63.2 ||
  || 63.3 ||
  || 63.4 ||
  || 63.5 ||
  || 63.6 ||
  || 63.7 ||
  || 63.8 ||
  || 63.9 ||
  || 63.10 ||
  || 63.11 ||
  VI, 64. &amp;lt;(К Ушас)&amp;gt;
  || 64.1 ||
  || 64.2 ||
  || 64.3 ||
  || 64.4 ||
  || 64.5 ||
  || 64.6 ||
  VI, 65. &lt;к ушас&gt;
  || 65.1 ||
  || 65.2 ||
  || 65.3 ||
  || 65.4 ||
  || 65.5 ||
  || 65.6 ||
  VI, 66. &lt;к марутам&gt;
  || 66.1 ||
  || 66.2 ||
  || 66.3 ||
  || 66.4 ||
  || 66.5 ||
  || 66.6 ||
  || 66.7 ||
  || 66.8 ||
  || 66.9 ||
  || 66.10 ||
  || 66.11 ||
  VI, 67. &lt;к митре-варуне&gt;
  || 67.1 ||
  || 67.2 ||
  || 67.3 ||
  || 67.4 ||
  || 67.5 ||
  || 67.6 ||
  || 67.7 ||
  || 67.8 ||
  || 67.9 ||
  || 67.10 ||
  || 67.11 ||
  VI, 68. &lt;к индре-варуне&gt;
  || 68.1 ||
  || 68.2 ||
  || 68.3 ||
  || 68.4 ||
  || 68.5 ||
  || 68.6 ||
  || 68.7 ||
  || 68.8 ||
  || 68.9 ||
  || 68.10 ||
  || 68.11 ||
  VI, 69. &lt;к индре-вишну&gt;
  || 69.1 ||
  || 69.2 ||
  || 69.3 ||
  || 69.4 ||
  || 69.5 ||
  || 69.6 ||
  || 69.7 ||
  || 69.8 ||
  VI, 70. &lt;к небу-и-земле&gt;
  || 70.1 ||
  || 70.2 ||
  || 70.3 ||
  || 70.4 ||
  || 70.5 ||
  || 70.6 ||
  VI, 71. &lt;к савитару&gt;
  || 71.1 ||
  || 71.2 ||
  || 71.3 ||
  || 71.4 ||
  || 71.5 ||
  || 71.6 ||
  VI, 72. &lt;к индре-соме&gt;
  || 72.1 ||
  || 72.2 ||
  || 72.3 ||
  || 72.4 ||
  || 72.5 ||
  VI, 73. &lt;к брихаспати&gt;
  || 73.1 ||
  || 73.2 ||
  || 73.3 ||
  VI, 74. &lt;к соме-рудре&gt;
  || 74.1 ||
  || 74.2 ||
  || 74.3 ||
  || 74.4 ||
  VI, 75. &lt;к оружию&gt;
  || 75.1 ||
  || 75.2 ||
  || 75.3 ||
  || 75.4 ||
  || 75.5 ||
  || 75.6 ||
  || 75.7 ||
  || 75.8 ||
  || 75.9 ||
  || 75.10 ||
  || 75.11 ||
  || 75.12 ||
  || 75.13 ||
  || 75.14 ||
  || 75.15 ||
  || 75.16 ||
  || 75.17 ||
  || 75.18 ||
  || 75.19 ||
