Книга: Стававали
Адрес: https://vedarama.com/ru/books/rdg-stavavali
Страниц сайта: 761; заголовков: 762; текстов: 728; картинок: 0
Глав по MCP: 33
Букв в исходнике: 271450; в .md: 271450
Первый заголовок: Стававали
Последний заголовок: 13

ЗАМЕЧАНИЙ НЕТ.

Оглавление выгрузки:
Стававали
  Шрила Рагхунатха дас Госвами пранама
  Шрила Рагхунатха дас Госвами вигйапти
  Шрила Рагхунатха дас Госвами шучака-киртан
    1
    2
    3-4
    5
    6
    7
    8-9
    10
    11-12
    13
    14
    15
    16
    17-18
    19
    20
    21-22
    23
    24
    25
    26
    27
    28
    29
    30
    31-32
    33-34
    35-36
    37
    38
    39
    40
    41-42
    43-44
    45
    46
    47-48
    49-50
  Шри-Шачи-суну-аштака
    1
    2
    3
    4
    5
    6
    7
    8
  Шри Гауранга-става-калпа-врикша (Дерево желаний молитв к Шри Гауранге)
    1
    2
    3
    4
    5
    6
    7
    8
    9
    10
    11
  Шри Манах-шикша
    1
    2
    3
    4
    5
    6
    7
    8
    9
    10
    11
  Шри Рагхунатха даса Госвами прартхана
    1
    2
    3
    4
  Шри Говардхана-ашрайа дашакам (Десять стихов о принятии прибежища у холма Говардхана)
    1
    2
    3
    4
    5
    6
    7
    8
    9
    10
  Шри Говардхана-васа прартхана-дашака (Десять молитв о проживании у холма Говардхана)
    1
    2
    3
    4
    5
    6
    7
    8
    9
    10
  Шри-Радха-кунда-аштака
    1
    2
    3
    4
    5
    6
    7
    8
  Шри-Шйама-кунда-аштака
    1
    2
    3
    4
    5
    6
    7
    8
  Вилапа-кусуманджали (Мольба в форме горсти цветов)
    1
    2
    3
    4
    5
    6
    7
    8
    9
    10
    11
    12
    13
    14
    15
    16
    17
    18
    19
    20
    21
    22
    23
    24
    25
    26
    27
    28
    29
    30
    31
    32
    33
    34
    35
    36
    37
    38
    39
    40
    41
    42
    43
    44
    45
    46
    47
    48
    49
    50
    51
    52
    53
    54
    55
    56
    57
    58
    59
    60 – 61
    62
    63
    64
    65
    66
    67
    68
    69
    70
    71
    72
    73
    74
    75
    76
    77
    78
    79
    80
    81
    82
    83
    84
    85
    86
    87
    88
    89
    90
    91
    92
    93
    94
    95
    96
    97
    98
    99
    100
    101
    102
    103
    104
  Шри Радхикайах према-пурабхидха-стотра (Молитва Шри Радхе – наваднению чистой любви)
    1
    2
    3
    4
    5
    6
    7
    8
    9
    10
  Шри-Грантха-картух прартхана (Молитвы составителя этой сокровенной книги)
    1
    2
    3
    4
  Шри Сва-нийама-дашака (Десять обетов Шрилы Рагхунатхи даса Госвами)
    1
    2
    3
    4
    5
    6
    7
    8
    9
    10
  Шри Радхика-аштотара-шата- нама-стотра (Сто восемь имён Шри Радхики)
    1-2
    3
    4
    5
    6
    7
    8
    9
    10
    11
    12
    13
    14
    15
    16
    17
    18
    19
    20
    21
    22
    23
    24
    25
    26
    27
    28
    29
    30
    31
    32
    33
    34
    35
    36
    37
    38
    39
    40
    41
    42
    43
    44
    45
  Шри Радхика-аштака
    1
    2
    3
    4
    5
    6
    7
    8
    9
  Премамбходжа-марандакхйа-става-раджа (Нектар чистой любви)
    1
    2
    3
    4
    5
    6
    7
    8
    9
    10
    11
    12
  Сва-санкалпа-пракаша-стотра (Откровение желаний сердца)
    1
    2
    3
    4
    5
    6
    7
    8
    9
    10
    11
    12
    13
    14
    15
    16
    17
    18
    19
    20
    21
  Шри-Шри-Радха-Кришноджджвала-кусума-кели (Удивительные игры Радхи и Кришны на цветочной поляне)
    1
    2
    3
    4
    5
    6
    7
    8
    9
    10
    11
    12
    13
    14
    15
    16
    17
    18
    19
    20
    21
    22
    23
    24
    25
    26
    27
    28
    29
    30
    31
    32
    33
    34
    35
    36
    37
    38
    39
    40
    41
    42
    43
  Прартханамрита-стотра (Нектар молитв)
    1
    2
    3
    4
    5
    6
    7
    8
    9
    10
    11
    12
    13
    14
    15
    16
    17
    18
    19
    20
  Шри Наваштака (Восемь прославлений юной Божественной Четы)
    1
    2
    3
    4
    5
    6
    7
    8
  Шри Гопала-раджа-стотра
    1
    2
    3
    4
    5
    6
    7
    8
    9
    10
    11
    12
    13
    14
  Шри Мадана-Гопала-стотра
    1
    2
    3
    4
    5
    6
    7
    8
    9
    10
    11
    12
    13
    14
    15
    16
    17
    18
    19
    20
    21
    22
  Шри Вишакханандабхидха-стотра (Молитвы, содержащие имена, орошающие блаженством сердце Вишакхи)
    1
    2
    3
    4
    5
    6
    7
    8
    9
    10
    11
    12
    13
    14
    15
    16
    17
    18
    19
    20
    21
    22
    23
    24
    25
    26
    27
    28
    29
    30
    31
    32
    33
    34
    35
    36
    37
    38
    39
    40
    41
    42-43
    44
    45
    46
    47
    48
    49
    50
    51
    52
    53
    54
    55
    56
    57
    58
    59
    60
    61
    62
    63-64
    65
    66
    67
    68
    69
    70
    71
    72
    73
    74
    75
    76
    77
    78
    79
    80
    81
    82
    83
    84
    85
    86
    87
    88
    89-92
    93
    94
    95
    96
    97
    98
    99
    100
    101
    102
    103
    104
    105
    106
    107
    108
    109
    110
    111
    112
    113
    114
    115
    116
    117
    118
    119
    120
    121
    122
    123
    124
    125
    126
    127-130
    131
    132-133
    134
  Шри Мукунда-аштака
    1
    2
    3
    4
    5
    6
    7
    8
  Шри-Враджа-виласа-става
    1
    2
    3
    4
    5
    6
    7
    8
    9
    10
    11
    12
    13
    14
    15
    16
    17
    18
    19
    20
    21
    22
    23
    24
    25
    26
    27
    28
    29
    30
    31
    32
    33
    34
    35
    36
    37
    38
    39
    40
    41
    42
    43
    44
    45
    46
    47
    48
    49
    50
    51
    52
    53
    54
    55
    56
    57
    58
    59
    60
    61
    62
    63
    64
    65
    66
    67
    68
    69
    70
    71
    72
    73
    74
    75
    76
    77
    78
    79
    80
    81
    82
    83
    84
    85
    86
    87
    88
    89
    90
    91
    92
    93
    94
    95
    96
    97
    98
    99
    100
    101
    102
    103
    104
    105
    106
  Шри Уткантха-дашакам (Лелеемое)
    1
    2
    3
    4
    5
    6
    7
    8
    9
    10
  Шри-Нава-йува-двандва-дидрикша аштака (Страстное желание обрести даршан юной Божественной Четы)
    1
    2
    3
    4
    5
    6
    7
    8
  Шри Абхишта-прартхана аштака (Молитвенная просьба)
    1
    2
    3
    4
    5
    6
    7
    8
  Дана-нирвартана-кунда аштака
    1
    2
    3
    4
    5
    6
    7
    8
  Шри-Прартханашрайа-чатурдашака (Четырнадцать молитв о даровании прибежища)
    1
    2
    3
    4
    5
    6
    7
    8
    9
    10
    11
    12
    13
    14
  Шри Абхишта-шучанам (Откровение желаний)
    1
    2
    3
    4
    5
    6
    7
    8
    9
    10
    11
    12
    13
